0.0 	0.0000 	0.0000 	0.0000
1.0 	0.0275 	0.0392 	0.0199
2.0 	0.0423 	0.0621 	0.0296
3.0 	0.0559 	0.0820 	0.0384
4.0 	0.0684 	0.0997 	0.0471
5.0 	0.0814 	0.1192 	0.0553
6.0 	0.0947 	0.1409 	0.0631
7.0 	0.1068 	0.1590 	0.0709
8.0 	0.1191 	0.1784 	0.0793
9.0 	0.1322 	0.1984 	0.0877
10.0 	0.1450 	0.2185 	0.0960
11.0 	0.1571 	0.2363 	0.1040
12.0 	0.1708 	0.2580 	0.1128
13.0 	0.1827 	0.2781 	0.1193
14.0 	0.1950 	0.2986 	0.1266
15.0 	0.2049 	0.3132 	0.1333
16.0 	0.2155 	0.3278 	0.1406
17.0 	0.2297 	0.3526 	0.1493
18.0 	0.2021 	0.3252 	0.1275
19.0 	0.3136 	0.4264 	0.2186
20.0 	0.2394 	0.3715 	0.1514
21.0 	0.2604 	0.3947 	0.1687
22.0 	0.2696 	0.4132 	0.1749
23.0 	0.2794 	0.4275 	0.1814
24.0 	0.2883 	0.4386 	0.1864
25.0 	0.2996 	0.4556 	0.1941
26.0 	0.3068 	0.4675 	0.1964
27.0 	0.3173 	0.4866 	0.2031
28.0 	0.3255 	0.4993 	0.2084
29.0 	0.3340 	0.5114 	0.2140
30.0 	0.3459 	0.5308 	0.2217
31.0 	0.3544 	0.5443 	0.2277
32.0 	0.3641 	0.5609 	0.2329
33.0 	0.3720 	0.5734 	0.2388
34.0 	0.3825 	0.5900 	0.2438
35.0 	0.3935 	0.6095 	0.2495
36.0 	0.4019 	0.6241 	0.2558
37.0 	0.4111 	0.6405 	0.2606
38.0 	0.4217 	0.6528 	0.2687
39.0 	0.4294 	0.6722 	0.2699
40.0 	0.4325 	0.6728 	0.2716
41.0 	0.4424 	0.6878 	0.2779
42.0 	0.4489 	0.6982 	0.2826
43.0 	0.4556 	0.7060 	0.2867
44.0 	0.4645 	0.7273 	0.2900
45.0 	0.4715 	0.7354 	0.2962
46.0 	0.4798 	0.7501 	0.2993
47.0 	0.4840 	0.7550 	0.3006
48.0 	0.4935 	0.7688 	0.3087
49.0 	0.4971 	0.7739 	0.3093
50.0 	0.5022 	0.7811 	0.3111
51.0 	0.5098 	0.7975 	0.3140
52.0 	0.5172 	0.8025 	0.3205
53.0 	0.5269 	0.8197 	0.3252
54.0 	0.5303 	0.8415 	0.3236
55.0 	0.5189 	0.8282 	0.3147
56.0 	0.5219 	0.8453 	0.3168
57.0 	0.6718 	0.9353 	0.4429
58.0 	0.5245 	0.8433 	0.3170
59.0 	0.5568 	0.8611 	0.3449
60.0 	0.5646 	0.8758 	0.3493
61.0 	0.5734 	0.8878 	0.3571
62.0 	0.5766 	0.8950 	0.3583
63.0 	0.5812 	0.8965 	0.3647
64.0 	0.5858 	0.9004 	0.3698
65.0 	0.5973 	0.9180 	0.3756
66.0 	0.6013 	0.9187 	0.3844
67.0 	0.6031 	0.9224 	0.3817
68.0 	0.6090 	0.9324 	0.3857
69.0 	0.6175 	0.9408 	0.3943
70.0 	0.6180 	0.9455 	0.3963
71.0 	0.6166 	0.9425 	0.3992
72.0 	0.6243 	0.9527 	0.4048
73.0 	0.6278 	0.9524 	0.4068
74.0 	0.6294 	0.9519 	0.4091
75.0 	0.6380 	0.9655 	0.4125
76.0 	0.6393 	0.9607 	0.4157
77.0 	0.6427 	0.9708 	0.4172
78.0 	0.6520 	0.9776 	0.4245
79.0 	0.6546 	0.9833 	0.4295
80.0 	0.6658 	0.9969 	0.4359
81.0 	0.6671 	0.9929 	0.4374
82.0 	0.6780 	1.0098 	0.4445
83.0 	0.6820 	1.0139 	0.4486
84.0 	0.6823 	1.0109 	0.4496
85.0 	0.6942 	1.0360 	0.4584
86.0 	0.6959 	1.0313 	0.4658
87.0 	0.7024 	1.0379 	0.4721
88.0 	0.7002 	1.0389 	0.4714
89.0 	0.7106 	1.0568 	0.4741
90.0 	0.7182 	1.0796 	0.4780
91.0 	0.6710 	0.9924 	0.4465
92.0 	0.7306 	1.1051 	0.4902
93.0 	0.7180 	1.0608 	0.4849
94.0 	0.6807 	1.0509 	0.4464
95.0 	0.8865 	1.1473 	0.6535
96.0 	0.6892 	1.0527 	0.4527
97.0 	0.7310 	1.0761 	0.4965
98.0 	0.7361 	1.0856 	0.4991
99.0 	0.7379 	1.0787 	0.5057
100.0 	0.7389 	1.0733 	0.5051
101.0 	0.7438 	1.0788 	0.5137
102.0 	0.7473 	1.0765 	0.5186
103.0 	0.7505 	1.0781 	0.5216
104.0 	0.7506 	1.0724 	0.5247
105.0 	0.7526 	1.0774 	0.5264
106.0 	0.7630 	1.0908 	0.5341
107.0 	0.7663 	1.0891 	0.5390
108.0 	0.7688 	1.0921 	0.5419
109.0 	0.7693 	1.0910 	0.5429
110.0 	0.7748 	1.0953 	0.5480
111.0 	0.7819 	1.1130 	0.5497
112.0 	0.7838 	1.1095 	0.5526
113.0 	0.7896 	1.1087 	0.5570
114.0 	0.7841 	1.1004 	0.5525
115.0 	0.7920 	1.1109 	0.5583
116.0 	0.7952 	1.1092 	0.5582
117.0 	0.7966 	1.1038 	0.5631
118.0 	0.7929 	1.0951 	0.5607
119.0 	0.7923 	1.0907 	0.5623
120.0 	0.7993 	1.1035 	0.5663
121.0 	0.8046 	1.1083 	0.5668
122.0 	0.8079 	1.1172 	0.5702
123.0 	0.8105 	1.1108 	0.5754
124.0 	0.8073 	1.1070 	0.5719
125.0 	0.8178 	1.1233 	0.5775
126.0 	0.8216 	1.1295 	0.5839
127.0 	0.8294 	1.1579 	0.5853
128.0 	0.8229 	1.1403 	0.5832
129.0 	0.8363 	1.1469 	0.5988
130.0 	0.8369 	1.1342 	0.6019
131.0 	0.8508 	1.1519 	0.6085
132.0 	0.7967 	1.1312 	0.5597
133.0 	1.0241 	1.2634 	0.7739
134.0 	0.8057 	1.1221 	0.5749
135.0 	0.8640 	1.1617 	0.6244
136.0 	0.8784 	1.1834 	0.6320
137.0 	0.8761 	1.1761 	0.6312
138.0 	0.8842 	1.1858 	0.6376
139.0 	0.8842 	1.1800 	0.6397
140.0 	0.8871 	1.1805 	0.6454
141.0 	0.8913 	1.1809 	0.6532
142.0 	0.8952 	1.1819 	0.6575
143.0 	0.8951 	1.1699 	0.6569
144.0 	0.8995 	1.1708 	0.6600
145.0 	0.9083 	1.1780 	0.6652
146.0 	0.9094 	1.1830 	0.6641
147.0 	0.9120 	1.1827 	0.6669
148.0 	0.9132 	1.1889 	0.6668
149.0 	0.9219 	1.2004 	0.6756
150.0 	0.9313 	1.2113 	0.6854
151.0 	0.9336 	1.2132 	0.6861
152.0 	0.9357 	1.2169 	0.6844
153.0 	0.9361 	1.2233 	0.6787
154.0 	0.9392 	1.2258 	0.6826
155.0 	0.9400 	1.2263 	0.6832
156.0 	0.9461 	1.2366 	0.6862
157.0 	0.9454 	1.2326 	0.6873
158.0 	0.9513 	1.2405 	0.6909
159.0 	0.9552 	1.2481 	0.6900
160.0 	0.9605 	1.2533 	0.6908
161.0 	0.9637 	1.2567 	0.6949
162.0 	0.9650 	1.2591 	0.6955
163.0 	0.9815 	1.2874 	0.6980
164.0 	0.9826 	1.2980 	0.6905
165.0 	0.9959 	1.3056 	0.7092
166.0 	0.9912 	1.2980 	0.7103
167.0 	0.9981 	1.3071 	0.7178
168.0 	1.0088 	1.3203 	0.7264
169.0 	1.0069 	1.3159 	0.7262
170.0 	0.9399 	1.2449 	0.6751
171.0 	1.2199 	1.5138 	0.9066
172.0 	0.9731 	1.2798 	0.6979
173.0 	1.0315 	1.3464 	0.7426
174.0 	1.0349 	1.3504 	0.7454
175.0 	1.0407 	1.3573 	0.7500
176.0 	1.0442 	1.3564 	0.7540
177.0 	1.0521 	1.3649 	0.7640
178.0 	1.0505 	1.3658 	0.7584
179.0 	1.0559 	1.3697 	0.7629
180.0 	1.0563 	1.3648 	0.7649
181.0 	1.0574 	1.3630 	0.7639
182.0 	1.0615 	1.3708 	0.7676
183.0 	1.0654 	1.3731 	0.7713
184.0 	1.0712 	1.3803 	0.7707
185.0 	1.0788 	1.3902 	0.7758
186.0 	1.0790 	1.3866 	0.7770
187.0 	1.0844 	1.3890 	0.7810
188.0 	1.0915 	1.3964 	0.7858
189.0 	1.1022 	1.4053 	0.7935
190.0 	1.1068 	1.4109 	0.7935
191.0 	1.1167 	1.4154 	0.8037
192.0 	1.1198 	1.4192 	0.8084
193.0 	1.1279 	1.4277 	0.8124
194.0 	1.1300 	1.4300 	0.8123
195.0 	1.1406 	1.4481 	0.8182
196.0 	1.1444 	1.4496 	0.8212
197.0 	1.1550 	1.4660 	0.8275
198.0 	1.1599 	1.4755 	0.8261
199.0 	1.1675 	1.4887 	0.8289
200.0 	1.1680 	1.4996 	0.8215
201.0 	1.1781 	1.5107 	0.8276
202.0 	1.1701 	1.4997 	0.8255
203.0 	1.1664 	1.4961 	0.8232
204.0 	1.1726 	1.5033 	0.8262
205.0 	1.1734 	1.5103 	0.8230
206.0 	1.1722 	1.5140 	0.8181
207.0 	1.1723 	1.5082 	0.8213
208.0 	1.0844 	1.3997 	0.7546
209.0 	1.4307 	1.8931 	1.0163
210.0 	1.1211 	1.4575 	0.7647
211.0 	1.1869 	1.5389 	0.8191
212.0 	1.1960 	1.5521 	0.8236
213.0 	1.2003 	1.5632 	0.8252
214.0 	1.2029 	1.5700 	0.8270
215.0 	1.2053 	1.5822 	0.8209
216.0 	1.2154 	1.5977 	0.8291
217.0 	1.2197 	1.6081 	0.8282
218.0 	1.2295 	1.6225 	0.8341
219.0 	1.2347 	1.6321 	0.8366
220.0 	1.2363 	1.6400 	0.8334
221.0 	1.2394 	1.6501 	0.8344
222.0 	1.2482 	1.6613 	0.8386
223.0 	1.2526 	1.6694 	0.8430
224.0 	1.2495 	1.6713 	0.8373
225.0 	1.2477 	1.6797 	0.8322
226.0 	1.2472 	1.6790 	0.8248
227.0 	1.2453 	1.6866 	0.8184
228.0 	1.2507 	1.6990 	0.8125
229.0 	1.2517 	1.7013 	0.8098
230.0 	1.2489 	1.7014 	0.8093
231.0 	1.2490 	1.7030 	0.8061
232.0 	1.2485 	1.7087 	0.8027
233.0 	1.2544 	1.7207 	0.8014
234.0 	1.2573 	1.7231 	0.8025
235.0 	1.2640 	1.7377 	0.7991
236.0 	1.2805 	1.7678 	0.8005
237.0 	1.2905 	1.7807 	0.8048
238.0 	1.2922 	1.7860 	0.8106
239.0 	1.2805 	1.7680 	0.8072
240.0 	1.2888 	1.7899 	0.8070
241.0 	1.2955 	1.7941 	0.8110
242.0 	1.3133 	1.8210 	0.8168
243.0 	1.3125 	1.8175 	0.8198
244.0 	1.3219 	1.8309 	0.8269
245.0 	1.3087 	1.8021 	0.8211
246.0 	1.2331 	1.6825 	0.7722
247.0 	1.5764 	2.2656 	0.9884
248.0 	1.2686 	1.7377 	0.7970
249.0 	1.3483 	1.8791 	0.8310
250.0 	1.3500 	1.8839 	0.8310
251.0 	1.3575 	1.8954 	0.8330
252.0 	1.3670 	1.9137 	0.8368
253.0 	1.3717 	1.9252 	0.8340
254.0 	1.3796 	1.9408 	0.8357
255.0 	1.3798 	1.9492 	0.8269
256.0 	1.3871 	1.9636 	0.8316
257.0 	1.3915 	1.9749 	0.8302
258.0 	1.4012 	1.9898 	0.8358
259.0 	1.4063 	1.9989 	0.8400
260.0 	1.4179 	2.0187 	0.8398
261.0 	1.4232 	2.0346 	0.8397
262.0 	1.4296 	2.0359 	0.8442
263.0 	1.4340 	2.0468 	0.8438
264.0 	1.4486 	2.0700 	0.8526
265.0 	1.4552 	2.0760 	0.8592
266.0 	1.4651 	2.0963 	0.8596
267.0 	1.4722 	2.1024 	0.8674
268.0 	1.4741 	2.1093 	0.8657
269.0 	1.4828 	2.1143 	0.8729
270.0 	1.4929 	2.1321 	0.8732
271.0 	1.4941 	2.1368 	0.8752
272.0 	1.5082 	2.1652 	0.8804
273.0 	1.5002 	2.1618 	0.8640
274.0 	1.5187 	2.1841 	0.8702
275.0 	1.5152 	2.1765 	0.8780
276.0 	1.5199 	2.1900 	0.8740
277.0 	1.5267 	2.1957 	0.8800
278.0 	1.5363 	2.2075 	0.8853
279.0 	1.5428 	2.2163 	0.8873
280.0 	1.5496 	2.2219 	0.8936
281.0 	1.5601 	2.2461 	0.8959
282.0 	1.5573 	2.2499 	0.8885
283.0 	1.5479 	2.2177 	0.8854
284.0 	1.5089 	2.1407 	0.8855
285.0 	1.8271 	2.7197 	1.0487
286.0 	1.5043 	2.1576 	0.8544
287.0 	1.5858 	2.3007 	0.8952
288.0 	1.5929 	2.3231 	0.8903
289.0 	1.5926 	2.3274 	0.8873
290.0 	1.6074 	2.3532 	0.8972
291.0 	1.6133 	2.3674 	0.8969
292.0 	1.6185 	2.3828 	0.8972
293.0 	1.6215 	2.3931 	0.8963
294.0 	1.6238 	2.4061 	0.8882
295.0 	1.6313 	2.4223 	0.8901
296.0 	1.6418 	2.4406 	0.8928
297.0 	1.6510 	2.4476 	0.9028
298.0 	1.6572 	2.4599 	0.9080
299.0 	1.6751 	2.4856 	0.9186
300.0 	1.6843 	2.5057 	0.9241
301.0 	1.6861 	2.5173 	0.9160
302.0 	1.6941 	2.5271 	0.9271
303.0 	1.7001 	2.5429 	0.9275
304.0 	1.7061 	2.5471 	0.9343
305.0 	1.7084 	2.5566 	0.9411
306.0 	1.7233 	2.5670 	0.9538
307.0 	1.7377 	2.5851 	0.9580
308.0 	1.7387 	2.5994 	0.9595
309.0 	1.7368 	2.6148 	0.9448
310.0 	1.7444 	2.6156 	0.9562
311.0 	1.7534 	2.6255 	0.9651
312.0 	1.7728 	2.6383 	0.9901
313.0 	1.7710 	2.6356 	0.9869
314.0 	1.7844 	2.6591 	0.9943
315.0 	1.7922 	2.6617 	1.0059
316.0 	1.8105 	2.7004 	1.0097
317.0 	1.8107 	2.7000 	1.0123
318.0 	1.8158 	2.7121 	1.0138
319.0 	1.8189 	2.7198 	1.0143
320.0 	1.8283 	2.7312 	1.0229
321.0 	1.8032 	2.6694 	1.0224
322.0 	1.7424 	2.5608 	0.9702
323.0 	2.1830 	3.3569 	1.2426
324.0 	1.7753 	2.6199 	0.9933
325.0 	1.8501 	2.7740 	1.0406
326.0 	1.8424 	2.7740 	1.0317
327.0 	1.8529 	2.7970 	1.0365
328.0 	1.8554 	2.8077 	1.0334
329.0 	1.8593 	2.8071 	1.0421
330.0 	1.8640 	2.8197 	1.0368
331.0 	1.8764 	2.8529 	1.0371
332.0 	1.8796 	2.8575 	1.0345
333.0 	1.8926 	2.8823 	1.0434
334.0 	1.8854 	2.8743 	1.0356
335.0 	1.8944 	2.8996 	1.0342
336.0 	1.9024 	2.9119 	1.0409
337.0 	1.9102 	2.9206 	1.0448
338.0 	1.9125 	2.9361 	1.0411
339.0 	1.9213 	2.9463 	1.0487
340.0 	1.9300 	2.9551 	1.0548
341.0 	1.9315 	2.9744 	1.0495
342.0 	1.9410 	2.9846 	1.0576
343.0 	1.9376 	2.9839 	1.0573
344.0 	1.9487 	3.0011 	1.0552
345.0 	1.9468 	3.0137 	1.0416
346.0 	1.9635 	3.0381 	1.0554
347.0 	1.9646 	3.0463 	1.0489
348.0 	1.9801 	3.0497 	1.0717
349.0 	1.9839 	3.0605 	1.0734
350.0 	2.0002 	3.0767 	1.0807
351.0 	2.0013 	3.0791 	1.0833
352.0 	2.0122 	3.1008 	1.0862
353.0 	2.0330 	3.1293 	1.0932
354.0 	2.0373 	3.1238 	1.0982
355.0 	2.0410 	3.1314 	1.0933
356.0 	2.0511 	3.1543 	1.1006
357.0 	2.0683 	3.1808 	1.1035
358.0 	2.0686 	3.1963 	1.0947
359.0 	2.0515 	3.1391 	1.1022
360.0 	2.0292 	3.0949 	1.0845
361.0 	2.3852 	3.7556 	1.2661
362.0 	2.0090 	3.1165 	1.0329
363.0 	2.1060 	3.2758 	1.0939
364.0 	2.1214 	3.2975 	1.1005
365.0 	2.1333 	3.3217 	1.1007
366.0 	2.1460 	3.3407 	1.1088
367.0 	2.1529 	3.3617 	1.1040
368.0 	2.1558 	3.3733 	1.1028
369.0 	2.1614 	3.3814 	1.1008
370.0 	2.1719 	3.3876 	1.1093
371.0 	2.1745 	3.3956 	1.1053
372.0 	2.1907 	3.4212 	1.1091
373.0 	2.2000 	3.4291 	1.1157
374.0 	2.2136 	3.4555 	1.1222
375.0 	2.2229 	3.4782 	1.1179
376.0 	2.2295 	3.4921 	1.1184
377.0 	2.2353 	3.5145 	1.1166
378.0 	2.2442 	3.5238 	1.1255
379.0 	2.2505 	3.5298 	1.1162
380.0 	2.2634 	3.5473 	1.1271
381.0 	2.2711 	3.5748 	1.1214
382.0 	2.2700 	3.5861 	1.1123
383.0 	2.2965 	3.6185 	1.1244
384.0 	2.2968 	3.6236 	1.1219
385.0 	2.3072 	3.6286 	1.1333
386.0 	2.3193 	3.6497 	1.1343
387.0 	2.3165 	3.6472 	1.1381
388.0 	2.3312 	3.6763 	1.1417
389.0 	2.3363 	3.6919 	1.1387
390.0 	2.3472 	3.7089 	1.1477
391.0 	2.3562 	3.7296 	1.1499
392.0 	2.3796 	3.7663 	1.1532
393.0 	2.3843 	3.7639 	1.1547
394.0 	2.3910 	3.7670 	1.1643
395.0 	2.4029 	3.7833 	1.1684
396.0 	2.4106 	3.8075 	1.1684
397.0 	2.3630 	3.7193 	1.1426
398.0 	2.4186 	3.7832 	1.2062
399.0 	2.6467 	4.2278 	1.3150
400.0 	2.3628 	3.6977 	1.1397
401.0 	2.4498 	3.8600 	1.1886
402.0 	2.4619 	3.8849 	1.1871
403.0 	2.4655 	3.8961 	1.1826
404.0 	2.4844 	3.9274 	1.1933
405.0 	2.4893 	3.9517 	1.1881
406.0 	2.4855 	3.9453 	1.1916
407.0 	2.4885 	3.9642 	1.1863
408.0 	2.4922 	3.9737 	1.1899
409.0 	2.5062 	4.0082 	1.1885
410.0 	2.5219 	4.0145 	1.2006
411.0 	2.5304 	4.0496 	1.1975
412.0 	2.5386 	4.0621 	1.2060
413.0 	2.5563 	4.0843 	1.2083
414.0 	2.5614 	4.0962 	1.2139
415.0 	2.5723 	4.1180 	1.2187
416.0 	2.5817 	4.1416 	1.2128
417.0 	2.5821 	4.1443 	1.2137
418.0 	2.5898 	4.1619 	1.2038
419.0 	2.5900 	4.1786 	1.2034
420.0 	2.6070 	4.1915 	1.2068
421.0 	2.6134 	4.2031 	1.2114
422.0 	2.6228 	4.2083 	1.2177
423.0 	2.6288 	4.2212 	1.2227
424.0 	2.6423 	4.2371 	1.2369
425.0 	2.6467 	4.2517 	1.2363
426.0 	2.6609 	4.2662 	1.2428
427.0 	2.6548 	4.2715 	1.2354
428.0 	2.6527 	4.2760 	1.2343
429.0 	2.6537 	4.2884 	1.2303
430.0 	2.6678 	4.3082 	1.2302
431.0 	2.6755 	4.3176 	1.2370
432.0 	2.6672 	4.3146 	1.2274
433.0 	2.6728 	4.3302 	1.2219
434.0 	2.6688 	4.3346 	1.2064
435.0 	2.6144 	4.2323 	1.1760
436.0 	2.6385 	4.2683 	1.1976
437.0 	2.8795 	4.7680 	1.3144
438.0 	2.6256 	4.2658 	1.1478
439.0 	2.6924 	4.3955 	1.1854
440.0 	2.7005 	4.4191 	1.1821
441.0 	2.7047 	4.4339 	1.1693
442.0 	2.7193 	4.4765 	1.1625
443.0 	2.7356 	4.5002 	1.1608
444.0 	2.7331 	4.4877 	1.1666
445.0 	2.7465 	4.5146 	1.1697
446.0 	2.7614 	4.5308 	1.1835
447.0 	2.7674 	4.5355 	1.1821
448.0 	2.7666 	4.5533 	1.1710
449.0 	2.7909 	4.6015 	1.1756
450.0 	2.7837 	4.5825 	1.1699
451.0 	2.8047 	4.6208 	1.1711
452.0 	2.8102 	4.6274 	1.1770
453.0 	2.8137 	4.6413 	1.1772
454.0 	2.8319 	4.6647 	1.1794
455.0 	2.8257 	4.6681 	1.1760
456.0 	2.8378 	4.6738 	1.1847
457.0 	2.8433 	4.6996 	1.1788
458.0 	2.8608 	4.7203 	1.1814
459.0 	2.8502 	4.7015 	1.1878
460.0 	2.8639 	4.7388 	1.1755
461.0 	2.8655 	4.7390 	1.1728
462.0 	2.8754 	4.7692 	1.1757
463.0 	2.8833 	4.7768 	1.1648
464.0 	2.8850 	4.7928 	1.1677
465.0 	2.8927 	4.7952 	1.1702
466.0 	2.9031 	4.8122 	1.1839
467.0 	2.9284 	4.8457 	1.1912
468.0 	2.9294 	4.8527 	1.1928
469.0 	2.9403 	4.8792 	1.1950
470.0 	2.9517 	4.8928 	1.1970
471.0 	2.9468 	4.8825 	1.2108
472.0 	2.9943 	4.9390 	1.2422
473.0 	2.9272 	4.8085 	1.2187
474.0 	3.1177 	5.1605 	1.3028
475.0 	3.0961 	5.1260 	1.2879
476.0 	2.9343 	4.8343 	1.2098
477.0 	3.0274 	5.0150 	1.2481
478.0 	3.0381 	5.0173 	1.2651
479.0 	3.0234 	5.0072 	1.2565
480.0 	3.0478 	5.0377 	1.2720
481.0 	3.0482 	5.0497 	1.2665
482.0 	3.0544 	5.0679 	1.2627
483.0 	3.0475 	5.0812 	1.2445
484.0 	3.0547 	5.0965 	1.2428
485.0 	3.0579 	5.0983 	1.2433
486.0 	3.0622 	5.1126 	1.2485
487.0 	3.0615 	5.1188 	1.2421
488.0 	3.0712 	5.1494 	1.2402
489.0 	3.0677 	5.1492 	1.2467
490.0 	3.0756 	5.1728 	1.2372
491.0 	3.0804 	5.1936 	1.2347
492.0 	3.0668 	5.1908 	1.2233
493.0 	3.0667 	5.1964 	1.2203
494.0 	3.0718 	5.2119 	1.2234
495.0 	3.0877 	5.2339 	1.2331
496.0 	3.0950 	5.2397 	1.2416
497.0 	3.0827 	5.2337 	1.2301
498.0 	3.0863 	5.2557 	1.2156
499.0 	3.0842 	5.2572 	1.2109
500.0 	3.1069 	5.2952 	1.2210
501.0 	3.1251 	5.3108 	1.2384
502.0 	3.1169 	5.2996 	1.2386
503.0 	3.1243 	5.3174 	1.2344
504.0 	3.1524 	5.3625 	1.2471
505.0 	3.1493 	5.3615 	1.2432
506.0 	3.1658 	5.3914 	1.2516
507.0 	3.1717 	5.3932 	1.2605
508.0 	3.1663 	5.3784 	1.2616
509.0 	3.1709 	5.3836 	1.2709
510.0 	3.1771 	5.3999 	1.2676
511.0 	3.1459 	5.3266 	1.2648
512.0 	3.5764 	6.1732 	1.4296
513.0 	3.0545 	5.1270 	1.2335
514.0 	3.1856 	5.3831 	1.2573
515.0 	3.2379 	5.4897 	1.3004
516.0 	3.2611 	5.5149 	1.3183
517.0 	3.2660 	5.5315 	1.3205
518.0 	3.2723 	5.5434 	1.3208
519.0 	3.2900 	5.5872 	1.3237
520.0 	3.2954 	5.5812 	1.3311
521.0 	3.3090 	5.6199 	1.3343
522.0 	3.3099 	5.6169 	1.3312
523.0 	3.3186 	5.6455 	1.3277
524.0 	3.3293 	5.6625 	1.3347
525.0 	3.3334 	5.6604 	1.3409
526.0 	3.3455 	5.7047 	1.3355
527.0 	3.3479 	5.7127 	1.3323
528.0 	3.3464 	5.7202 	1.3313
529.0 	3.3711 	5.7824 	1.3210
530.0 	3.3682 	5.7863 	1.3192
531.0 	3.3649 	5.7957 	1.3114
532.0 	3.3549 	5.7952 	1.2998
533.0 	3.3601 	5.8063 	1.2901
534.0 	3.3561 	5.8237 	1.2805
535.0 	3.3359 	5.8101 	1.2629
536.0 	3.3498 	5.8373 	1.2699
537.0 	3.3338 	5.8236 	1.2618
538.0 	3.3623 	5.8810 	1.2558
539.0 	3.3574 	5.8798 	1.2463
540.0 	3.3497 	5.8819 	1.2416
541.0 	3.3459 	5.9029 	1.2289
542.0 	3.3672 	5.9340 	1.2403
543.0 	3.3845 	5.9671 	1.2398
544.0 	3.3839 	5.9807 	1.2332
545.0 	3.3860 	6.0048 	1.2186
546.0 	3.3817 	5.9858 	1.2221
547.0 	3.4098 	6.0341 	1.2343
548.0 	3.4179 	6.0467 	1.2407
549.0 	3.3707 	5.9355 	1.2280
550.0 	3.8257 	6.8432 	1.3721
551.0 	3.2305 	5.6439 	1.1974
552.0 	3.4154 	5.9908 	1.2358
553.0 	3.4489 	6.0942 	1.2520
554.0 	3.4639 	6.1200 	1.2530
555.0 	3.4562 	6.1058 	1.2538
556.0 	3.4415 	6.0901 	1.2503
557.0 	3.4487 	6.1111 	1.2467
558.0 	3.4643 	6.1543 	1.2486
559.0 	3.4542 	6.1587 	1.2378
560.0 	3.4430 	6.1580 	1.2286
561.0 	3.4285 	6.1415 	1.2232
562.0 	3.4209 	6.1446 	1.2156
563.0 	3.4382 	6.1922 	1.2199
564.0 	3.4403 	6.1876 	1.2220
565.0 	3.4318 	6.1758 	1.2214
566.0 	3.4113 	6.1472 	1.2195
567.0 	3.4051 	6.1520 	1.2087
568.0 	3.4100 	6.1837 	1.2080
569.0 	3.4181 	6.1976 	1.2131
570.0 	3.4139 	6.1923 	1.2160
571.0 	3.4091 	6.1687 	1.2284
572.0 	3.4279 	6.2169 	1.2286
573.0 	3.4375 	6.2325 	1.2282
574.0 	3.4468 	6.2575 	1.2308
575.0 	3.4414 	6.2520 	1.2275
576.0 	3.4364 	6.2440 	1.2323
577.0 	3.4497 	6.2738 	1.2277
578.0 	3.4606 	6.2825 	1.2299
579.0 	3.4557 	6.2872 	1.2257
580.0 	3.4739 	6.3379 	1.2168
581.0 	3.4720 	6.3605 	1.2093
582.0 	3.4920 	6.3985 	1.2130
583.0 	3.4900 	6.4231 	1.2034
584.0 	3.4986 	6.4470 	1.2049
585.0 	3.4895 	6.4296 	1.2014
586.0 	3.5060 	6.4627 	1.2034
587.0 	3.4542 	6.3288 	1.2034
588.0 	3.8865 	7.2621 	1.3091
589.0 	3.3591 	6.1480 	1.1593
590.0 	3.4919 	6.3964 	1.1917
591.0 	3.5331 	6.4960 	1.2177
592.0 	3.5529 	6.5455 	1.2206
593.0 	3.5558 	6.5373 	1.2272
594.0 	3.5681 	6.5696 	1.2264
595.0 	3.5679 	6.5631 	1.2299
596.0 	3.5720 	6.5870 	1.2335
597.0 	3.5630 	6.5695 	1.2249
598.0 	3.5587 	6.5651 	1.2283
599.0 	3.5667 	6.5880 	1.2249
600.0 	3.5575 	6.5868 	1.2124
601.0 	3.5713 	6.6218 	1.2123
602.0 	3.6029 	6.6624 	1.2230
603.0 	3.5745 	6.6104 	1.2148
604.0 	3.5541 	6.5752 	1.2134
605.0 	3.5760 	6.6321 	1.2120
606.0 	3.6049 	6.6889 	1.2245
607.0 	3.5946 	6.6734 	1.2169
608.0 	3.6022 	6.6956 	1.2158
609.0 	3.6083 	6.6725 	1.2386
610.0 	3.6213 	6.7056 	1.2444
611.0 	3.6416 	6.7524 	1.2380
612.0 	3.6218 	6.7348 	1.2329
613.0 	3.6305 	6.7489 	1.2420
614.0 	3.6517 	6.7807 	1.2488
615.0 	3.6500 	6.7735 	1.2472
616.0 	3.6588 	6.7780 	1.2563
617.0 	3.6777 	6.8044 	1.2692
618.0 	3.6827 	6.8310 	1.2661
619.0 	3.6882 	6.8466 	1.2720
620.0 	3.7090 	6.8725 	1.2795
621.0 	3.7255 	6.8883 	1.2943
622.0 	3.7299 	6.8954 	1.2956
623.0 	3.7551 	6.9339 	1.3024
624.0 	3.7677 	6.9364 	1.3031
625.0 	3.7471 	6.8564 	1.3019
626.0 	3.9383 	7.3559 	1.3510
627.0 	3.7874 	6.9081 	1.3293
628.0 	3.7672 	6.8742 	1.3156
629.0 	3.7903 	6.9519 	1.3161
630.0 	3.8025 	6.9680 	1.3193
631.0 	3.8212 	6.9736 	1.3304
632.0 	3.8237 	6.9803 	1.3216
633.0 	3.8470 	7.0359 	1.3211
634.0 	3.8249 	7.0173 	1.3101
635.0 	3.8263 	7.0261 	1.3101
636.0 	3.8256 	7.0227 	1.3137
637.0 	3.8516 	7.0677 	1.3164
638.0 	3.8464 	7.0603 	1.2996
639.0 	3.7758 	7.0875 	1.2961
640.0 	3.7630 	7.0819 	1.2946
641.0 	3.7764 	7.1043 	1.2893
642.0 	3.7823 	7.1089 	1.2894
643.0 	3.8046 	7.1560 	1.2951
644.0 	3.8248 	7.1804 	1.2969
645.0 	3.8398 	7.1952 	1.3005
646.0 	3.8303 	7.1801 	1.3016
647.0 	3.8108 	7.1570 	1.2901
648.0 	3.8389 	7.1925 	1.2868
649.0 	3.8531 	7.2217 	1.2874
650.0 	3.8564 	7.2185 	1.2947
651.0 	3.8748 	7.2518 	1.2950
652.0 	3.8836 	7.2556 	1.2949
653.0 	3.8832 	7.2798 	1.2798
654.0 	3.8759 	7.2759 	1.2804
655.0 	3.8701 	7.2731 	1.2820
656.0 	3.8784 	7.2890 	1.2707
657.0 	3.8958 	7.2972 	1.2818
658.0 	3.9051 	7.3306 	1.2795
659.0 	3.8847 	7.2959 	1.2755
660.0 	3.8764 	7.3213 	1.2665
661.0 	3.8819 	7.3165 	1.2740
662.0 	3.8703 	7.3053 	1.2659
663.0 	3.7968 	7.1585 	1.2349
664.0 	4.1430 	7.9557 	1.3367
665.0 	3.7948 	7.1162 	1.2567
666.0 	3.8399 	7.2318 	1.2568
667.0 	3.8662 	7.3355 	1.2628
668.0 	3.8867 	7.3813 	1.2595
669.0 	3.8864 	7.3694 	1.2632
670.0 	3.8877 	7.4074 	1.2624
671.0 	3.8647 	7.3552 	1.2661
672.0 	3.8952 	7.4165 	1.2702
673.0 	3.8853 	7.3910 	1.2701
674.0 	3.9012 	7.4261 	1.2755
675.0 	3.8914 	7.4230 	1.2728
676.0 	3.8846 	7.4430 	1.2699
677.0 	3.8727 	7.4378 	1.2630
678.0 	3.8374 	7.4765 	1.2523
679.0 	3.8673 	7.4248 	1.2598
680.0 	3.8644 	7.4573 	1.2678
681.0 	3.8648 	7.4792 	1.2524
682.0 	3.8203 	7.4583 	1.2511
683.0 	3.8485 	7.5058 	1.2581
684.0 	3.8380 	7.4866 	1.2356
685.0 	3.8646 	7.5256 	1.2210
686.0 	3.8758 	7.5491 	1.2271
687.0 	3.8753 	7.5336 	1.2547
688.0 	3.8614 	7.5469 	1.2532
689.0 	3.8913 	7.5326 	1.2574
690.0 	3.9157 	7.5750 	1.2604
691.0 	3.9077 	7.5445 	1.2633
692.0 	3.9086 	7.5430 	1.2633
693.0 	3.8889 	7.5066 	1.2609
694.0 	3.9155 	7.5402 	1.2712
695.0 	3.9393 	7.5799 	1.2772
696.0 	3.9456 	7.5983 	1.2730
697.0 	3.9555 	7.6124 	1.2731
698.0 	3.9529 	7.6062 	1.2821
699.0 	3.9698 	7.6369 	1.2837
700.0 	3.9426 	7.5726 	1.2890
701.0 	3.8985 	7.5039 	1.2699
702.0 	4.1699 	8.0704 	1.3573
703.0 	3.8645 	7.4048 	1.2672
704.0 	3.9546 	7.5899 	1.2734
705.0 	3.9689 	7.6358 	1.2858
706.0 	3.9778 	7.6388 	1.2860
707.0 	3.9852 	7.6391 	1.2864
708.0 	3.9801 	7.6499 	1.2778
709.0 	3.9955 	7.6540 	1.2854
710.0 	4.0079 	7.6677 	1.2863
711.0 	3.9996 	7.6666 	1.2865
712.0 	4.0286 	7.7216 	1.2869
713.0 	4.0169 	7.7053 	1.2921
714.0 	4.0139 	7.7006 	1.2863
715.0 	4.0129 	7.7001 	1.3001
716.0 	4.0219 	7.7096 	1.3083
717.0 	4.0298 	7.7214 	1.3167
718.0 	4.0427 	7.7357 	1.3185
719.0 	4.0255 	7.7008 	1.3156
720.0 	4.0545 	7.7272 	1.3293
721.0 	4.0699 	7.7446 	1.3328
722.0 	4.0946 	7.7704 	1.3456
723.0 	4.0742 	7.7225 	1.3427
724.0 	4.1051 	7.7637 	1.3588
725.0 	4.1146 	7.7704 	1.3547
726.0 	4.1058 	7.7368 	1.3729
727.0 	4.0965 	7.7090 	1.3729
728.0 	4.1047 	7.7265 	1.3708
729.0 	4.1125 	7.7112 	1.3863
730.0 	4.1458 	7.7620 	1.3927
731.0 	4.1557 	7.7883 	1.4045
732.0 	4.1316 	7.7426 	1.4110
733.0 	4.1353 	7.7371 	1.4237
734.0 	4.1283 	7.7532 	1.4296
735.0 	4.1133 	7.7325 	1.4338
736.0 	4.1205 	7.7321 	1.4374
737.0 	4.1414 	7.7620 	1.4492
738.0 	4.1406 	7.7687 	1.4546
739.0 	4.1361 	7.7723 	1.3575
740.0 	4.2412 	7.9450 	1.4707
741.0 	4.1194 	7.7242 	1.3777
742.0 	4.1229 	7.7334 	1.4592
743.0 	4.1359 	7.7494 	1.4193
744.0 	4.1587 	7.7709 	1.4885
745.0 	4.1731 	7.7864 	1.4753
746.0 	4.1773 	7.7959 	1.4794
747.0 	4.1807 	7.7891 	1.4916
748.0 	4.1859 	7.7994 	1.5102
749.0 	4.1802 	7.7801 	1.5069
750.0 	4.2036 	7.8192 	1.5225
751.0 	4.2039 	7.8082 	1.5222
752.0 	4.1828 	7.7598 	1.5197
753.0 	4.2114 	7.8133 	1.5174
754.0 	4.1821 	7.7646 	1.5023
755.0 	4.2085 	7.8188 	1.4493
756.0 	4.2174 	7.8363 	1.4560
757.0 	4.2262 	7.8548 	1.3705
758.0 	4.2014 	7.8386 	1.2521
759.0 	4.2191 	7.8521 	1.2845
760.0 	4.1983 	7.8002 	1.2697
761.0 	4.2040 	7.8179 	1.2277
762.0 	4.2116 	7.8366 	1.2308
763.0 	4.2345 	7.8732 	1.1659
764.0 	4.2219 	7.8407 	1.1762
765.0 	4.2409 	7.8675 	1.1761
766.0 	4.2464 	7.8757 	1.1663
767.0 	4.2517 	7.8835 	1.1662
768.0 	4.2698 	7.9123 	1.1676
769.0 	4.2637 	7.8927 	1.1304
770.0 	4.2669 	7.8886 	1.0908
771.0 	4.2579 	7.8670 	1.0351
772.0 	4.2731 	7.8807 	1.0123
773.0 	4.2677 	7.8585 	1.0440
774.0 	4.2764 	7.8688 	1.0803
775.0 	4.3022 	7.9040 	1.1471
776.0 	4.2945 	7.8702 	1.2006
777.0 	4.2950 	7.8897 	1.1363
778.0 	4.2629 	7.7521 	1.2728
779.0 	4.3087 	7.8912 	1.3058
780.0 	4.3144 	7.8786 	1.3102
781.0 	4.3082 	7.8700 	1.2560
782.0 	4.3093 	7.8780 	1.2423
783.0 	4.3141 	7.8819 	1.2175
784.0 	4.3096 	7.8433 	1.2600
785.0 	4.2980 	7.8278 	1.2349
786.0 	4.3110 	7.8521 	1.2173
787.0 	4.2938 	7.8163 	1.2418
788.0 	4.3228 	7.8650 	1.2774
789.0 	4.3233 	7.8449 	1.3397
790.0 	4.3213 	7.8231 	1.3587
791.0 	4.3184 	7.8184 	1.3667
792.0 	4.3493 	7.8477 	1.4131
793.0 	4.3331 	7.8013 	1.4292
794.0 	4.3588 	7.8397 	1.4324
795.0 	4.3532 	7.8060 	1.5272
796.0 	4.3752 	7.8137 	1.6355
797.0 	4.3688 	7.7997 	1.6231
798.0 	4.3934 	7.8429 	1.7065
799.0 	4.3964 	7.8412 	1.7261
800.0 	4.3984 	7.7963 	1.8162
801.0 	4.4352 	7.8401 	1.8821
802.0 	4.4233 	7.8459 	1.8746
803.0 	4.4337 	7.8369 	1.8927
804.0 	4.4426 	7.8342 	1.8956
805.0 	4.4368 	7.7965 	1.8926
806.0 	4.4250 	7.7900 	1.8082
807.0 	4.4454 	7.8146 	1.8002
808.0 	4.4395 	7.7947 	1.7722
809.0 	4.4471 	7.8083 	1.7322
810.0 	4.4414 	7.7883 	1.6480
811.0 	4.4449 	7.7931 	1.6009
812.0 	4.4444 	7.8133 	1.4915
813.0 	4.4475 	7.8239 	1.3850
814.0 	4.4424 	7.8158 	1.2502
815.0 	4.4505 	7.8289 	1.2050
816.0 	4.3734 	7.6487 	1.1518
817.0 	4.4894 	7.9110 	1.2466
818.0 	4.4481 	7.8052 	1.1704
819.0 	4.4463 	7.7702 	1.1660
820.0 	4.4543 	7.7887 	1.1660
821.0 	4.4572 	7.7847 	1.1622
822.0 	4.4514 	7.7654 	1.0988
823.0 	4.4687 	7.7963 	1.0492
824.0 	4.4651 	7.7910 	1.0566
825.0 	4.4721 	7.7563 	1.1358
826.0 	4.4843 	7.7711 	1.1511
827.0 	4.4811 	7.7653 	1.0919
828.0 	4.4827 	7.7725 	1.0271
829.0 	4.4809 	7.7575 	1.0278
830.0 	4.5083 	7.8028 	1.0269
831.0 	4.4926 	7.7696 	0.9936
832.0 	4.4895 	7.7628 	0.9059
833.0 	4.5007 	7.7803 	0.8978
834.0 	4.4923 	7.7644 	0.9338
835.0 	4.4710 	7.7394 	0.8861
836.0 	4.4726 	7.7585 	0.7206
837.0 	4.4589 	7.7294 	0.6307
838.0 	4.4563 	7.7199 	0.5516
839.0 	4.4362 	7.7035 	0.4375
840.0 	4.4421 	7.7106 	0.4244
841.0 	4.4463 	7.7032 	0.4132
842.0 	4.4507 	7.7000 	0.4439
843.0 	4.4500 	7.6854 	0.4826
844.0 	4.4280 	7.6564 	0.3711
845.0 	4.4458 	7.6671 	0.4304
846.0 	4.4474 	7.6652 	0.4533
847.0 	4.4742 	7.6745 	0.5146
848.0 	4.4792 	7.6538 	0.6015
849.0 	4.4795 	7.6558 	0.6426
850.0 	4.4970 	7.6619 	0.6792
851.0 	4.4951 	7.6397 	0.7187
852.0 	4.5168 	7.6609 	0.7383
853.0 	4.5415 	7.6764 	0.8205
854.0 	4.4817 	7.5409 	1.0349
855.0 	4.5822 	7.7302 	1.0567
856.0 	4.5764 	7.6883 	1.1196
857.0 	4.5705 	7.6642 	1.1564
858.0 	4.5703 	7.6758 	1.0771
859.0 	4.5956 	7.6930 	1.1500
860.0 	4.5926 	7.6867 	1.0914
861.0 	4.5981 	7.6877 	1.1148
862.0 	4.6052 	7.6598 	1.1719
863.0 	4.5993 	7.6619 	1.1732
864.0 	4.5892 	7.6500 	1.0665
865.0 	4.5878 	7.6434 	1.1183
866.0 	4.5748 	7.6435 	0.8287
867.0 	4.6045 	7.6533 	1.0225
868.0 	4.6168 	7.6796 	1.0224
869.0 	4.6021 	7.6668 	0.8929
870.0 	4.6010 	7.6544 	0.9276
871.0 	4.6106 	7.6612 	0.8170
872.0 	4.5928 	7.6400 	0.7636
873.0 	4.6153 	7.6493 	0.9330
874.0 	4.5870 	7.6353 	0.6654
875.0 	4.6376 	7.6526 	1.1664
876.0 	4.6308 	7.6245 	1.0946
877.0 	4.6408 	7.6444 	1.0394
878.0 	4.6392 	7.6372 	0.9465
879.0 	4.6388 	7.6385 	1.0523
880.0 	4.6542 	7.6311 	1.1434
881.0 	4.6637 	7.6139 	1.3261
882.0 	4.6859 	7.6186 	1.4738
883.0 	4.7050 	7.6006 	1.8293
884.0 	4.7058 	7.5973 	1.8241
885.0 	4.7050 	7.5850 	1.7361
886.0 	4.6975 	7.5927 	1.6953
887.0 	4.6896 	7.5946 	1.4871
888.0 	4.6976 	7.5814 	1.6667
889.0 	4.7644 	7.5686 	2.4019
890.0 	4.7737 	7.5451 	2.5989
891.0 	4.7814 	7.5180 	2.5967
892.0 	4.8065 	7.5141 	2.6303
893.0 	4.9649 	7.5966 	2.6185
894.0 	4.7875 	7.5384 	2.6220
895.0 	4.9327 	7.5061 	2.6356
896.0 	4.9345 	7.5065 	2.6409
897.0 	4.9269 	7.4821 	2.6461
898.0 	4.9218 	7.4980 	2.6289
899.0 	4.9305 	7.5009 	2.6406
900.0 	4.9434 	7.5006 	2.6588
901.0 	4.9420 	7.5005 	2.6586
902.0 	4.9206 	7.4801 	2.6491
903.0 	4.9326 	7.4714 	2.6658
904.0 	4.9176 	7.4471 	2.6691
905.0 	4.9096 	7.4155 	2.6781
906.0 	4.9103 	7.4090 	2.6876
907.0 	4.9091 	7.4001 	2.6923
908.0 	4.9061 	7.3957 	2.6915
909.0 	4.8984 	7.3818 	2.6872
910.0 	4.9167 	7.3802 	2.7223
911.0 	4.8954 	7.3445 	2.7140
912.0 	4.9120 	7.3589 	2.7302
913.0 	4.9085 	7.3404 	2.7389
914.0 	4.8996 	7.3192 	2.7401
915.0 	4.8980 	7.3055 	2.7480
916.0 	4.8966 	7.2932 	2.7634
917.0 	4.8945 	7.2904 	2.7598
918.0 	4.9008 	7.2830 	2.7827
919.0 	4.8907 	7.2746 	2.7755
920.0 	4.9007 	7.2699 	2.7890
921.0 	4.8951 	7.2568 	2.7943
922.0 	4.9018 	7.2479 	2.8109
923.0 	4.8923 	7.2220 	2.8151
924.0 	4.8918 	7.2289 	2.8073
925.0 	4.8845 	7.2067 	2.8218
926.0 	4.8889 	7.1925 	2.8319
927.0 	4.8845 	7.1748 	2.8365
928.0 	4.8918 	7.1835 	2.8445
929.0 	4.8913 	7.1621 	2.8768
930.0 	4.9055 	7.1608 	2.8827
931.0 	4.9049 	7.1812 	2.8599
932.0 	4.8825 	7.1510 	2.8603
933.0 	4.8890 	7.1231 	2.8949
934.0 	4.8888 	7.1156 	2.8971
935.0 	4.8734 	7.0891 	2.8894
936.0 	4.8880 	7.1178 	2.8991
937.0 	4.8777 	7.0838 	2.9108
938.0 	4.8560 	7.0583 	2.8959
939.0 	4.8556 	7.0564 	2.9012
940.0 	4.8460 	7.0357 	2.9001
941.0 	4.8613 	7.0385 	2.9279
942.0 	4.8428 	7.0101 	2.9120
943.0 	4.8382 	7.0023 	2.9144
944.0 	4.8352 	6.9895 	2.9183
945.0 	4.8404 	6.9932 	2.9229
946.0 	4.8400 	6.9665 	2.9497
947.0 	4.8364 	6.9522 	2.9558
948.0 	4.8344 	6.9515 	2.9568
949.0 	4.8240 	6.9372 	2.9481
950.0 	4.8188 	6.9230 	2.9596
951.0 	4.8361 	6.9272 	2.9799
952.0 	4.8266 	6.9230 	2.9727
953.0 	4.8317 	6.9096 	2.9891
954.0 	4.8231 	6.8758 	3.0020
955.0 	4.8202 	6.8675 	3.0060
956.0 	4.8184 	6.8496 	3.0209
957.0 	4.8144 	6.8274 	3.0350
958.0 	4.8111 	6.8127 	3.0372
959.0 	4.8067 	6.7864 	3.0502
960.0 	4.7994 	6.7722 	3.0502
961.0 	4.8084 	6.7702 	3.0729
962.0 	4.8042 	6.7551 	3.0756
963.0 	4.7996 	6.7516 	3.0725
964.0 	4.7989 	6.7427 	3.0832
965.0 	4.7850 	6.7121 	3.0823
966.0 	4.7888 	6.6973 	3.1012
967.0 	4.7813 	6.7013 	3.1048
968.0 	4.8061 	6.6757 	3.1401
969.0 	4.7322 	6.6475 	3.0284
970.0 	4.8035 	6.6939 	3.1392
971.0 	4.7745 	6.6577 	3.1153
972.0 	4.7708 	6.6274 	3.1297
973.0 	4.7678 	6.6377 	3.1132
974.0 	4.7769 	6.6223 	3.1460
975.0 	4.7505 	6.5776 	3.1348
976.0 	4.7634 	6.5834 	3.1536
977.0 	4.7680 	6.5888 	3.1574
978.0 	4.7675 	6.5878 	3.1601
979.0 	4.7841 	6.6000 	3.1763
980.0 	4.7648 	6.5685 	3.1747
981.0 	4.7728 	6.5633 	3.1955
982.0 	4.7620 	6.5457 	3.1909
983.0 	4.7544 	6.5076 	3.2020
984.0 	4.7510 	6.5095 	3.1967
985.0 	4.7594 	6.4923 	3.2267
986.0 	4.7502 	6.4776 	3.2165
987.0 	4.7517 	6.4858 	3.2149
988.0 	4.7424 	6.4549 	3.2264
989.0 	4.7490 	6.4685 	3.2290
990.0 	4.7423 	6.4336 	3.2430
991.0 	4.7180 	6.3948 	3.2290
992.0 	4.7317 	6.4043 	3.2499
993.0 	4.7305 	6.4055 	3.2465
994.0 	4.7252 	6.3881 	3.2527
995.0 	4.7404 	6.4037 	3.2672
996.0 	4.7359 	6.3976 	3.2675
997.0 	4.7340 	6.3915 	3.2668
998.0 	4.7323 	6.3810 	3.2747
999.0 	4.7299 	6.3610 	3.2863
1000.0 	4.7269 	6.3624 	3.2836
1001.0 	4.7299 	6.3665 	3.2866
1002.0 	4.7188 	6.3426 	3.2885
1003.0 	4.7106 	6.3244 	3.2867
1004.0 	4.7099 	6.3075 	3.2982
1005.0 	4.7042 	6.2932 	3.3099
1006.0 	4.6944 	6.2415 	3.3157
1007.0 	4.6557 	6.2835 	3.2146
1008.0 	4.7189 	6.3115 	3.3182
1009.0 	4.7131 	6.3023 	3.3162
1010.0 	4.7133 	6.2974 	3.3203
1011.0 	4.7115 	6.2869 	3.3244
1012.0 	4.7032 	6.2624 	3.3287
1013.0 	4.7078 	6.2544 	3.3454
1014.0 	4.7110 	6.2586 	3.3501
1015.0 	4.7015 	6.2363 	3.3519
1016.0 	4.6960 	6.2133 	3.3610
1017.0 	4.6883 	6.1967 	3.3606
1018.0 	4.6890 	6.1779 	3.3739
1019.0 	4.6898 	6.1766 	3.3757
1020.0 	4.6905 	6.1746 	3.3800
1021.0 	4.6923 	6.1721 	3.3900
1022.0 	4.6736 	6.1343 	3.3876
1023.0 	4.6790 	6.1339 	3.3966
1024.0 	4.6671 	6.1176 	3.3909
1025.0 	4.6648 	6.0950 	3.4035
1026.0 	4.6550 	6.0832 	3.3954
1027.0 	4.6526 	6.0691 	3.4042
1028.0 	4.6594 	6.0805 	3.4087
1029.0 	4.6746 	6.0985 	3.4178
1030.0 	4.6532 	6.0474 	3.4232
1031.0 	4.6700 	6.0636 	3.4408
1032.0 	4.6503 	6.0326 	3.4347
1033.0 	4.6584 	6.0408 	3.4401
1034.0 	4.6394 	5.9926 	3.4453
1035.0 	4.6602 	6.0175 	3.4599
1036.0 	4.6332 	5.9567 	3.4648
1037.0 	4.6512 	5.9891 	3.4712
1038.0 	4.6471 	5.9725 	3.4793
1039.0 	4.6400 	5.9710 	3.4673
1040.0 	4.6459 	5.9785 	3.4726
1041.0 	4.6340 	5.9619 	3.4684
1042.0 	4.6444 	5.9595 	3.4905
1043.0 	4.6581 	5.9613 	3.5209
1044.0 	4.6208 	5.9296 	3.4711
1045.0 	4.6203 	5.9517 	3.4402
1046.0 	4.6254 	5.9243 	3.4838
1047.0 	4.6338 	5.9418 	3.4864
1048.0 	4.6246 	5.9119 	3.4926
1049.0 	4.6272 	5.9128 	3.4973
1050.0 	4.6210 	5.8915 	3.5046
1051.0 	4.6237 	5.9049 	3.5006
1052.0 	4.6236 	5.9030 	3.5043
1053.0 	4.6291 	5.8916 	3.5186
1054.0 	4.6272 	5.8918 	3.5196
1055.0 	4.6138 	5.8705 	3.5159
1056.0 	4.6299 	5.8838 	3.5320
1057.0 	4.6298 	5.8803 	3.5336
1058.0 	4.6360 	5.8798 	3.5456
1059.0 	4.6366 	5.8786 	3.5486
1060.0 	4.6500 	5.9041 	3.5536
1061.0 	4.6458 	5.8818 	3.5583
1062.0 	4.6481 	5.8856 	3.5610
1063.0 	4.6486 	5.8832 	3.5654
1064.0 	4.6441 	5.8599 	3.5729
1065.0 	4.6365 	5.8332 	3.5854
1066.0 	4.6343 	5.8287 	3.5855
1067.0 	4.6209 	5.8055 	3.5828
1068.0 	4.6344 	5.8038 	3.6066
1069.0 	4.6199 	5.7757 	3.6026
1070.0 	4.6229 	5.7784 	3.6067
1071.0 	4.6291 	5.7820 	3.6134
1072.0 	4.6380 	5.7842 	3.6277
1073.0 	4.6291 	5.7762 	3.6188
1074.0 	4.6350 	5.7810 	3.6269
1075.0 	4.6311 	5.7616 	3.6368
1076.0 	4.6246 	5.7372 	3.6475
1077.0 	4.6325 	5.7544 	3.6440
1078.0 	4.6114 	5.7148 	3.6429
1079.0 	4.6270 	5.7361 	3.6543
1080.0 	4.6310 	5.7139 	3.6853
1081.0 	4.6385 	5.7091 	3.7034
1082.0 	4.5895 	5.6597 	3.6493
1083.0 	4.5680 	5.6694 	3.5936
1084.0 	4.5977 	5.6530 	3.6717
1085.0 	4.6048 	5.6626 	3.6779
1086.0 	4.5787 	5.6061 	3.6768
1087.0 	4.6035 	5.6555 	3.6802
1088.0 	4.5791 	5.6058 	3.6820
1089.0 	4.5978 	5.6205 	3.6967
1090.0 	4.5902 	5.6031 	3.6984
1091.0 	4.5907 	5.6012 	3.7004
1092.0 	4.5703 	5.5754 	3.6901
1093.0 	4.5716 	5.5562 	3.7088
1094.0 	4.5599 	5.5341 	3.7039
1095.0 	4.5385 	5.4860 	3.7065
1096.0 	4.5502 	5.4971 	3.7174
1097.0 	4.5382 	5.4653 	3.7217
1098.0 	4.5305 	5.4363 	3.7322
1099.0 	4.5341 	5.4445 	3.7339
1100.0 	4.5315 	5.4358 	3.7373
1101.0 	4.5148 	5.4023 	3.7338
1102.0 	4.5211 	5.4017 	3.7457
1103.0 	4.5221 	5.3992 	3.7488
1104.0 	4.5247 	5.4005 	3.7515
1105.0 	4.5240 	5.3933 	3.7596
1106.0 	4.5151 	5.3682 	3.7651
1107.0 	4.5077 	5.3496 	3.7677
1108.0 	4.5148 	5.3587 	3.7735
1109.0 	4.5208 	5.3681 	3.7770
1110.0 	4.5026 	5.3318 	3.7748
1111.0 	4.5063 	5.3224 	3.7897
1112.0 	4.5000 	5.3068 	3.7926
1113.0 	4.4919 	5.2927 	3.7878
1114.0 	4.4942 	5.2873 	3.7946
1115.0 	4.4976 	5.2928 	3.7956
1116.0 	4.4916 	5.2883 	3.7926
1117.0 	4.4741 	5.2464 	3.7939
1118.0 	4.5057 	5.2547 	3.8488
1119.0 	4.4787 	5.2533 	3.8060
1120.0 	4.4771 	5.2571 	3.7899
1121.0 	4.4094 	5.1944 	3.7180
1122.0 	4.4576 	5.2095 	3.7991
1123.0 	4.4329 	5.1684 	3.7886
1124.0 	4.4485 	5.1884 	3.7991
1125.0 	4.4395 	5.1709 	3.7967
1126.0 	4.4210 	5.1288 	3.7999
1127.0 	4.4242 	5.1273 	3.8080
1128.0 	4.4251 	5.1280 	3.8071
1129.0 	4.4176 	5.1112 	3.8082
1130.0 	4.4149 	5.1002 	3.8115
1131.0 	4.4282 	5.1118 	3.8253
1132.0 	4.4188 	5.0945 	3.8231
1133.0 	4.4247 	5.0998 	3.8297
1134.0 	4.4146 	5.0851 	3.8228
1135.0 	4.4010 	5.0561 	3.8240
1136.0 	4.4030 	5.0580 	3.8270
1137.0 	4.3781 	5.0123 	3.8176
1138.0 	4.3821 	5.0049 	3.8341
1139.0 	4.3759 	4.9895 	3.8371
1140.0 	4.3629 	4.9664 	3.8333
1141.0 	4.3618 	4.9561 	3.8410
1142.0 	4.3709 	4.9778 	3.8388
1143.0 	4.3537 	4.9530 	3.8289
1144.0 	4.3472 	4.9238 	3.8412
1145.0 	4.3443 	4.9076 	3.8495
1146.0 	4.3482 	4.9166 	3.8488
1147.0 	4.3326 	4.8797 	3.8528
1148.0 	4.3232 	4.8616 	3.8506
1149.0 	4.3146 	4.8466 	3.8478
1150.0 	4.3126 	4.8382 	3.8526
1151.0 	4.3025 	4.8176 	3.8516
1152.0 	4.3010 	4.8150 	3.8509
1153.0 	4.2934 	4.8096 	3.8444
1154.0 	4.2773 	4.7724 	3.8451
1155.0 	4.2838 	4.7805 	3.8504
1156.0 	4.3319 	4.7999 	3.9228
1157.0 	4.2545 	4.7572 	3.8182
1158.0 	4.2467 	4.7556 	3.7967
1159.0 	4.2857 	4.7699 	3.8661
1160.0 	4.2732 	4.7382 	3.8658
1161.0 	4.2878 	4.7720 	3.8653
1162.0 	4.2837 	4.7624 	3.8668
1163.0 	4.2700 	4.7292 	3.8688
1164.0 	4.2628 	4.7154 	3.8675
1165.0 	4.2668 	4.7022 	3.8869
1166.0 	4.2591 	4.6811 	3.8901
1167.0 	4.2535 	4.6697 	3.8893
1168.0 	4.2596 	4.6714 	3.8990
1169.0 	4.2589 	4.6638 	3.9044
1170.0 	4.2489 	4.6591 	3.8908
1171.0 	4.2429 	4.6405 	3.8956
1172.0 	4.2426 	4.6354 	3.8994
1173.0 	4.2477 	4.6440 	3.9030
1174.0 	4.2318 	4.5957 	3.9125
1175.0 	4.2310 	4.5946 	3.9126
1176.0 	4.2358 	4.5935 	3.9227
1177.0 	4.2321 	4.5940 	3.9162
1178.0 	4.2278 	4.5851 	3.9162
1179.0 	4.2091 	4.5511 	3.9110
1180.0 	4.2084 	4.5557 	3.9055
1181.0 	4.2111 	4.5670 	3.9017
1182.0 	4.1923 	4.5168 	3.9086
1183.0 	4.1942 	4.5252 	3.9052
1184.0 	4.1926 	4.5270 	3.9023
1185.0 	4.1939 	4.5246 	3.9067
1186.0 	4.1914 	4.5051 	3.9187
1187.0 	4.1782 	4.4810 	3.9145
1188.0 	4.1748 	4.4800 	3.9095
1189.0 	4.1790 	4.4630 	3.9307
1190.0 	4.1656 	4.4491 	3.9190
1191.0 	4.1633 	4.4660 	3.9010
1192.0 	4.1540 	4.4470 	3.9002
1193.0 	4.1514 	4.4449 	3.8976
1194.0 	4.1744 	4.4649 	3.9224
1195.0 	4.1104 	4.3928 	3.8672
1196.0 	4.1274 	4.4213 	3.8706
1197.0 	4.1222 	4.3653 	3.9111
1198.0 	4.1357 	4.4081 	3.9001
1199.0 	4.1362 	4.4082 	3.8995
1200.0 	4.1446 	4.4237 	3.9032
1201.0 	4.1447 	4.4227 	3.9031
1202.0 	4.1235 	4.3901 	3.8923
1203.0 	4.1141 	4.3592 	3.9017
1204.0 	4.1119 	4.3702 	3.8883
1205.0 	4.1174 	4.3780 	3.8928
1206.0 	4.1098 	4.3482 	3.9043
1207.0 	4.0893 	4.3259 	3.8853
1208.0 	4.0948 	4.3295 	3.8925
1209.0 	4.0868 	4.3181 	3.8882
1210.0 	4.0887 	4.3183 	3.8912
1211.0 	4.0797 	4.3082 	3.8837
1212.0 	4.0918 	4.3208 	3.8954
1213.0 	4.0906 	4.3153 	3.8977
1214.0 	4.0889 	4.3059 	3.9029
1215.0 	4.0875 	4.2992 	3.9061
1216.0 	4.0837 	4.2817 	3.9134
1217.0 	4.0741 	4.2675 	3.9083
1218.0 	4.0677 	4.2420 	3.9183
1219.0 	4.0505 	4.2173 	3.9072
1220.0 	4.0500 	4.2068 	3.9155
1221.0 	4.0473 	4.1913 	3.9238
1222.0 	4.0390 	4.1699 	3.9262
1223.0 	4.0307 	4.1592 	3.9209
1224.0 	4.0242 	4.1419 	3.9237
1225.0 	4.0190 	4.1214 	3.9311
1226.0 	4.0113 	4.1176 	3.9206
1227.0 	4.0137 	4.1062 	3.9346
1228.0 	4.0022 	4.1053 	3.9148
1229.0 	3.9971 	4.0818 	3.9251
1230.0 	3.9927 	4.0774 	3.9207
1231.0 	3.9744 	4.0564 	3.9050
1232.0 	3.9964 	4.0661 	3.9375
1233.0 	3.9246 	3.9921 	3.8680
1234.0 	4.0194 	4.0992 	3.9511
1235.0 	3.9560 	3.9848 	3.9316
1236.0 	3.9752 	4.0182 	3.9388
1237.0 	3.9806 	4.0042 	3.9606
1238.0 	3.9614 	3.9670 	3.9567
1239.0 	3.9691 	3.9697 	3.9683
1240.0 	3.9606 	3.9665 	3.9556
1241.0 	3.9512 	3.9583 	3.9428
1242.0 	3.9520 	3.9679 	3.9333
1243.0 	3.9558 	3.9728 	3.9359
1244.0 	3.9423 	3.9676 	3.9125
1245.0 	3.9390 	3.9637 	3.9101
1246.0 	3.9395 	3.9786 	3.8938
1247.0 	3.9200 	3.9588 	3.8744
1248.0 	3.9046 	3.9520 	3.8487
1249.0 	3.9185 	3.9688 	3.8591
1250.0 	3.9055 	3.9771 	3.8210
1251.0 	3.8922 	3.9825 	3.7857
1252.0 	3.9019 	3.9965 	3.7903
1253.0 	3.8870 	3.9963 	3.7580
1254.0 	3.8834 	3.9932 	3.7539
1255.0 	3.8755 	4.0014 	3.7276
1256.0 	3.8820 	4.0100 	3.7310
1257.0 	3.8823 	4.0172 	3.7233
1258.0 	3.8770 	4.0197 	3.7087
1259.0 	3.8717 	4.0258 	3.6907
1260.0 	3.8653 	4.0314 	3.6698
1261.0 	3.8650 	4.0364 	3.6633
1262.0 	3.8581 	4.0185 	3.6706
1263.0 	3.8514 	4.0291 	3.6425
1264.0 	3.8332 	4.0274 	3.6041
1265.0 	3.8339 	4.0236 	3.6100
1266.0 	3.8224 	4.0287 	3.5802
1267.0 	3.8122 	4.0305 	3.5550
1268.0 	3.8192 	4.0266 	3.5755
1269.0 	3.8122 	4.0249 	3.5626
1270.0 	3.8243 	4.0441 	3.5656
1271.0 	3.7217 	3.9429 	3.4597
1272.0 	3.8805 	4.0664 	3.6620
1273.0 	3.7815 	4.0342 	3.4836
1274.0 	3.7901 	4.0265 	3.5119
1275.0 	3.7869 	4.0391 	3.4912
1276.0 	3.8004 	4.0519 	3.5056
1277.0 	3.8046 	4.0696 	3.4942
1278.0 	3.7901 	4.0701 	3.4618
1279.0 	3.7806 	4.0782 	3.4312
1280.0 	3.7941 	4.0865 	3.4521
1281.0 	3.7873 	4.0835 	3.4401
1282.0 	3.7779 	4.0770 	3.4283
1283.0 	3.7832 	4.0948 	3.4175
1284.0 	3.7788 	4.0995 	3.4025
1285.0 	3.7743 	4.1055 	3.3848
1286.0 	3.7783 	4.1076 	3.3917
1287.0 	3.7629 	4.1075 	3.3579
1288.0 	3.7754 	4.1194 	3.3697
1289.0 	3.7660 	4.1209 	3.3484
1290.0 	3.7565 	4.1034 	3.3481
1291.0 	3.7511 	4.1125 	3.3239
1292.0 	3.7544 	4.1106 	3.3327
1293.0 	3.7617 	4.1307 	3.3270
1294.0 	3.7517 	4.1386 	3.2956
1295.0 	3.7670 	4.1472 	3.3206
1296.0 	3.7569 	4.1525 	3.2899
1297.0 	3.7488 	4.1415 	3.2870
1298.0 	3.7619 	4.1687 	3.2853
1299.0 	3.7532 	4.1613 	3.2739
1300.0 	3.7552 	4.1477 	3.2910
1301.0 	3.7491 	4.1608 	3.2628
1302.0 	3.7560 	4.1767 	3.2597
1303.0 	3.7538 	4.1784 	3.2526
1304.0 	3.7564 	4.1875 	3.2493
1305.0 	3.7558 	4.1980 	3.2331
1306.0 	3.7425 	4.1807 	3.2251
1307.0 	3.7494 	4.1839 	3.2335
1308.0 	3.7161 	4.1502 	3.2023
1309.0 	3.7124 	4.1466 	3.1971
1310.0 	3.8071 	4.2746 	3.2522
1311.0 	3.7606 	4.2448 	3.1924
1312.0 	3.7597 	4.2341 	3.1993
1313.0 	3.7770 	4.2603 	3.2053
1314.0 	3.7716 	4.2594 	3.1948
1315.0 	3.7685 	4.2605 	3.1869
1316.0 	3.7693 	4.2608 	3.1868
1317.0 	3.7674 	4.2716 	3.1733
1318.0 	3.7591 	4.2726 	3.1534
1319.0 	3.7722 	4.2893 	3.1614
1320.0 	3.7748 	4.2994 	3.1555
1321.0 	3.7613 	4.2790 	3.1515
1322.0 	3.7610 	4.2893 	3.1395
1323.0 	3.7593 	4.2984 	3.1258
1324.0 	3.7689 	4.3220 	3.1150
1325.0 	3.7583 	4.3067 	3.1089
1326.0 	3.7668 	4.3241 	3.1092
1327.0 	3.7655 	4.3215 	3.1073
1328.0 	3.7650 	4.3204 	3.1068
1329.0 	3.7706 	4.3545 	3.0800
1330.0 	3.7818 	4.3609 	3.0977
1331.0 	3.7808 	4.3761 	3.0772
1332.0 	3.7904 	4.3886 	3.0856
1333.0 	3.8065 	4.4204 	3.0824
1334.0 	3.7961 	4.4026 	3.0777
1335.0 	3.8104 	4.4254 	3.0844
1336.0 	3.7962 	4.4102 	3.0703
1337.0 	3.7982 	4.4006 	3.0846
1338.0 	3.8117 	4.4261 	3.0850
1339.0 	3.8054 	4.4290 	3.0673
1340.0 	3.8028 	4.4273 	3.0663
1341.0 	3.7922 	4.4049 	3.0662
1342.0 	3.8012 	4.4285 	3.0593
1343.0 	3.7971 	4.4183 	3.0619
1344.0 	3.8038 	4.4232 	3.0709
1345.0 	3.8157 	4.4434 	3.0748
1346.0 	3.7899 	4.4038 	3.0690
1347.0 	3.8002 	4.4134 	3.0721
1348.0 	3.8943 	4.5397 	3.1261
1349.0 	3.8284 	4.4698 	3.0780
1350.0 	3.8349 	4.4648 	3.0938
1351.0 	3.8315 	4.4579 	3.0940
1352.0 	3.8313 	4.4625 	3.0895
1353.0 	3.8326 	4.4689 	3.0803
1354.0 	3.8495 	4.4942 	3.0898
1355.0 	3.8463 	4.4868 	3.0910
1356.0 	3.8400 	4.4864 	3.0757
1357.0 	3.8473 	4.5053 	3.0741
1358.0 	3.8345 	4.4872 	3.0617
1359.0 	3.8357 	4.4892 	3.0612
1360.0 	3.8253 	4.4884 	3.0394
1361.0 	3.8329 	4.5005 	3.0429
1362.0 	3.8412 	4.5008 	3.0589
1363.0 	3.8474 	4.5170 	3.0547
1364.0 	3.8500 	4.5269 	3.0532
1365.0 	3.8439 	4.5166 	3.0481
1366.0 	3.8410 	4.5187 	3.0407
1367.0 	3.8433 	4.5109 	3.0532
1368.0 	3.8336 	4.5083 	3.0312
1369.0 	3.8306 	4.5092 	3.0258
1370.0 	3.8218 	4.4938 	3.0272
1371.0 	3.8335 	4.5197 	3.0179
1372.0 	3.8246 	4.5224 	2.9931
1373.0 	3.8350 	4.5428 	2.9958
1374.0 	3.8265 	4.5238 	2.9951
1375.0 	3.8311 	4.5460 	2.9795
1376.0 	3.8473 	4.5707 	2.9901
1377.0 	3.8455 	4.5566 	2.9963
1378.0 	3.8447 	4.5699 	2.9762
1379.0 	3.8559 	4.5945 	2.9711
1380.0 	3.8679 	4.6002 	2.9903
1381.0 	3.8606 	4.6005 	2.9748
1382.0 	3.8576 	4.6031 	2.9675
1383.0 	3.8612 	4.6109 	2.9687
1384.0 	3.8580 	4.6160 	2.9554
1385.0 	3.8558 	4.6132 	2.9370
1386.0 	3.9286 	4.7072 	2.9989
1387.0 	3.9062 	4.7071 	2.9570
1388.0 	3.8898 	4.6845 	2.9390
1389.0 	3.8921 	4.6911 	2.9393
1390.0 	3.9040 	4.7029 	2.9536
1391.0 	3.8911 	4.6902 	2.9379
1392.0 	3.9024 	4.7085 	2.9395
1393.0 	3.9002 	4.7085 	2.9365
1394.0 	3.9010 	4.7197 	2.9310
1395.0 	3.8929 	4.7233 	2.9003
1396.0 	3.8813 	4.7016 	2.8994
1397.0 	3.9006 	4.7395 	2.8984
1398.0 	3.8911 	4.7081 	2.9168
1399.0 	3.9000 	4.7334 	2.9062
1400.0 	3.9026 	4.7350 	2.9121
1401.0 	3.8932 	4.7420 	2.8822
1402.0 	3.8938 	4.7503 	2.8759
1403.0 	3.8923 	4.7447 	2.8782
1404.0 	3.8933 	4.7688 	2.8516
1405.0 	3.9022 	4.7573 	2.8829
1406.0 	3.9101 	4.7900 	2.8680
1407.0 	3.9152 	4.7948 	2.8718
1408.0 	3.9213 	4.7993 	2.8768
1409.0 	3.9147 	4.8061 	2.8569
1410.0 	3.9123 	4.7979 	2.8570
1411.0 	3.9163 	4.8086 	2.8554
1412.0 	3.9253 	4.8206 	2.8576
1413.0 	3.9191 	4.8306 	2.8317
1414.0 	3.9148 	4.8315 	2.8213
1415.0 	3.9278 	4.8467 	2.8256
1416.0 	3.9056 	4.8160 	2.8181
1417.0 	3.9063 	4.8219 	2.8105
1418.0 	3.9022 	4.8134 	2.8058
1419.0 	3.9014 	4.8104 	2.8164
1420.0 	3.9014 	4.8244 	2.8002
1421.0 	3.8960 	4.8143 	2.8057
1422.0 	3.9151 	4.8435 	2.8044
1423.0 	3.9049 	4.8684 	2.7553
1424.0 	3.9653 	4.9151 	2.8246
1425.0 	3.9255 	4.8919 	2.7813
1426.0 	3.9220 	4.8825 	2.7746
1427.0 	3.9318 	4.9007 	2.7769
1428.0 	3.9409 	4.9156 	2.7803
1429.0 	3.9453 	4.9311 	2.7727
1430.0 	3.9459 	4.9321 	2.7635
1431.0 	3.9366 	4.9128 	2.7674
1432.0 	3.9365 	4.9302 	2.7491
1433.0 	3.9321 	4.9254 	2.7384
1434.0 	3.9413 	4.9313 	2.7525
1435.0 	3.9347 	4.9130 	2.7617
1436.0 	3.9328 	4.9162 	2.7540
1437.0 	3.9149 	4.8908 	2.7422
1438.0 	3.8976 	4.8652 	2.7284
1439.0 	3.8922 	4.8496 	2.7355
1440.0 	3.8991 	4.8601 	2.7392
1441.0 	3.8928 	4.8648 	2.7152
1442.0 	3.8876 	4.8446 	2.7329
1443.0 	3.8733 	4.8242 	2.7258
1444.0 	3.8779 	4.8345 	2.7240
1445.0 	3.8667 	4.8154 	2.7135
1446.0 	3.8530 	4.7914 	2.7138
1447.0 	3.8626 	4.8033 	2.7211
1448.0 	3.8446 	4.7871 	2.7028
1449.0 	3.8586 	4.8118 	2.7041
1450.0 	3.8464 	4.7922 	2.7060
1451.0 	3.8547 	4.7987 	2.7166
1452.0 	3.8573 	4.8006 	2.7229
1453.0 	3.8564 	4.8148 	2.7100
1454.0 	3.8473 	4.7889 	2.7174
1455.0 	3.8387 	4.7767 	2.7141
1456.0 	3.8496 	4.7939 	2.7144
1457.0 	3.8514 	4.8150 	2.6933
1458.0 	3.8505 	4.8239 	2.6840
1459.0 	3.8531 	4.8245 	2.6912
1460.0 	3.8479 	4.8213 	2.6849
1461.0 	3.8166 	4.7822 	2.6661
1462.0 	3.8858 	4.8794 	2.7018
1463.0 	3.8753 	4.8514 	2.7088
1464.0 	3.8490 	4.8180 	2.6875
1465.0 	3.8430 	4.8119 	2.6814
1466.0 	3.8453 	4.8179 	2.6765
1467.0 	3.8438 	4.8395 	2.6451
1468.0 	3.8457 	4.8373 	2.6508
1469.0 	3.8444 	4.8324 	2.6549
1470.0 	3.8550 	4.8575 	2.6473
1471.0 	3.8593 	4.8780 	2.6341
1472.0 	3.8620 	4.8785 	2.6371
1473.0 	3.8668 	4.8954 	2.6372
1474.0 	3.8622 	4.8984 	2.6075
1475.0 	3.8819 	4.9249 	2.6188
1476.0 	3.8815 	4.9360 	2.6064
1477.0 	3.8794 	4.9367 	2.5945
1478.0 	3.8825 	4.9482 	2.5888
1479.0 	3.8972 	4.9677 	2.5935
1480.0 	3.8816 	4.9553 	2.5658
1481.0 	3.8963 	4.9665 	2.5928
1482.0 	3.9191 	5.0075 	2.5905
1483.0 	3.9139 	5.0070 	2.5770
1484.0 	3.9303 	5.0325 	2.5905
1485.0 	3.9475 	5.0602 	2.5954
1486.0 	3.9506 	5.0791 	2.5772
1487.0 	3.9475 	5.0697 	2.5822
1488.0 	3.9638 	5.1020 	2.5839
1489.0 	3.9583 	5.0843 	2.5874
1490.0 	3.9620 	5.1058 	2.5741
1491.0 	3.9753 	5.1264 	2.5803
1492.0 	3.9619 	5.1193 	2.5633
1493.0 	3.9633 	5.1178 	2.5742
1494.0 	3.9647 	5.1201 	2.5817
1495.0 	3.9701 	5.1316 	2.5794
1496.0 	3.9600 	5.1199 	2.5660
1497.0 	3.9821 	5.1448 	2.5965
1498.0 	3.9421 	5.0788 	2.5911
1499.0 	3.9446 	5.0966 	2.5596
1500.0 	3.9727 	5.1372 	2.5889
1501.0 	3.9659 	5.1092 	2.6057
1502.0 	3.9544 	5.1120 	2.5774
1503.0 	3.9587 	5.1195 	2.5750
1504.0 	3.9719 	5.1494 	2.5717
1505.0 	3.9644 	5.1300 	2.5767
1506.0 	3.9736 	5.1621 	2.5712
1507.0 	3.9770 	5.1507 	2.5768
1508.0 	3.9901 	5.1638 	2.5972
1509.0 	4.0014 	5.1963 	2.5841
1510.0 	4.0117 	5.2140 	2.5795
1511.0 	4.0140 	5.2230 	2.5724
1512.0 	4.0132 	5.2186 	2.5802
1513.0 	4.0188 	5.2358 	2.5733
1514.0 	4.0268 	5.2387 	2.5881
1515.0 	4.0230 	5.2477 	2.5635
1516.0 	4.0165 	5.2373 	2.5632
1517.0 	4.0335 	5.2714 	2.5634
1518.0 	4.0459 	5.2880 	2.5683
1519.0 	4.0639 	5.3229 	2.5606
1520.0 	4.0670 	5.3321 	2.5592
1521.0 	4.0724 	5.3455 	2.5602
1522.0 	4.0637 	5.3389 	2.5460
1523.0 	4.0645 	5.3396 	2.5431
1524.0 	4.0845 	5.3745 	2.5397
1525.0 	4.0785 	5.3611 	2.5434
1526.0 	4.1027 	5.3983 	2.5558
1527.0 	4.0978 	5.3928 	2.5527
1528.0 	4.1222 	5.4390 	2.5543
1529.0 	4.1222 	5.4573 	2.5259
1530.0 	4.1347 	5.4725 	2.5374
1531.0 	4.1412 	5.4693 	2.5595
1532.0 	4.1595 	5.5119 	2.5526
1533.0 	4.1620 	5.5139 	2.5489
1534.0 	4.1733 	5.5439 	2.5344
1535.0 	4.1815 	5.5524 	2.5466
1536.0 	4.1807 	5.5587 	2.5476
1537.0 	4.1849 	5.5878 	2.4936
1538.0 	4.2010 	5.5907 	2.5540
1539.0 	4.2097 	5.5815 	2.5725
1540.0 	4.2163 	5.6034 	2.5583
1541.0 	4.2164 	5.6011 	2.5612
1542.0 	4.2160 	5.6150 	2.5401
1543.0 	4.2137 	5.6083 	2.5450
1544.0 	4.2187 	5.6199 	2.5378
1545.0 	4.2110 	5.6048 	2.5337
1546.0 	4.2106 	5.6089 	2.5244
1547.0 	4.2091 	5.6162 	2.5186
1548.0 	4.2113 	5.6294 	2.5000
1549.0 	4.2251 	5.6394 	2.5228
1550.0 	4.2297 	5.6551 	2.5141
1551.0 	4.2283 	5.6571 	2.5081
1552.0 	4.2225 	5.6420 	2.5069
1553.0 	4.2294 	5.6635 	2.4963
1554.0 	4.2149 	5.6346 	2.5024
1555.0 	4.2266 	5.6507 	2.5050
1556.0 	4.2281 	5.6571 	2.4980
1557.0 	4.2219 	5.6422 	2.4932
1558.0 	4.2361 	5.6578 	2.5083
1559.0 	4.2394 	5.6673 	2.5053
1560.0 	4.2356 	5.6632 	2.4981
1561.0 	4.2440 	5.6776 	2.5099
1562.0 	4.2742 	5.7389 	2.4999
1563.0 	4.2454 	5.6932 	2.4859
1564.0 	4.2498 	5.6967 	2.4846
1565.0 	4.2483 	5.7019 	2.4812
1566.0 	4.2535 	5.7018 	2.4909
1567.0 	4.2404 	5.6803 	2.5032
1568.0 	4.2606 	5.7093 	2.4947
1569.0 	4.2528 	5.7045 	2.4967
1570.0 	4.2683 	5.7183 	2.5070
1571.0 	4.2824 	5.7404 	2.5122
1572.0 	4.2599 	5.7106 	2.5092
1573.0 	4.2811 	5.7431 	2.5105
1574.0 	4.2823 	5.7389 	2.5170
1575.0 	4.2809 	5.7536 	2.4825
1576.0 	4.2993 	5.7727 	2.5189
1577.0 	4.3306 	5.8058 	2.5336
1578.0 	4.3142 	5.7907 	2.5123
1579.0 	4.3388 	5.8313 	2.5218
1580.0 	4.3502 	5.8539 	2.5113
1581.0 	4.3597 	5.8731 	2.5151
1582.0 	4.3617 	5.8631 	2.5263
1583.0 	4.3552 	5.8524 	2.5296
1584.0 	4.3679 	5.8739 	2.5407
1585.0 	4.3650 	5.8639 	2.5334
1586.0 	4.3600 	5.8655 	2.5296
1587.0 	4.3618 	5.8659 	2.5326
1588.0 	4.3409 	5.8320 	2.5243
1589.0 	4.3510 	5.8412 	2.5356
1590.0 	4.3382 	5.8180 	2.5324
1591.0 	4.3392 	5.8119 	2.5435
1592.0 	4.3173 	5.7601 	2.5485
1593.0 	4.3172 	5.7579 	2.5696
1594.0 	4.3123 	5.7560 	2.5461
1595.0 	4.3107 	5.7361 	2.5683
1596.0 	4.3293 	5.7682 	2.5704
1597.0 	4.3032 	5.7433 	2.5536
1598.0 	4.2970 	5.7183 	2.5702
1599.0 	4.3215 	5.7593 	2.5663
1600.0 	4.2972 	5.7188 	2.5715
1601.0 	4.2859 	5.6932 	2.5664
1602.0 	4.2729 	5.6658 	2.5762
1603.0 	4.2824 	5.6809 	2.5789
1604.0 	4.2759 	5.6803 	2.5631
1605.0 	4.2983 	5.7038 	2.5864
1606.0 	4.2985 	5.6988 	2.5875
1607.0 	4.3075 	5.7196 	2.5790
1608.0 	4.3114 	5.7031 	2.5949
1609.0 	4.3004 	5.7004 	2.5836
1610.0 	4.3134 	5.7076 	2.5952
1611.0 	4.3241 	5.7042 	2.6292
1612.0 	4.3055 	5.6776 	2.6055
1613.0 	4.2637 	5.6120 	2.5691
1614.0 	4.3785 	5.7767 	2.6458
1615.0 	4.4145 	5.8620 	2.6420
1616.0 	4.3646 	5.7592 	2.6326
1617.0 	4.3780 	5.7749 	2.6477
1618.0 	4.4075 	5.8183 	2.6501
1619.0 	4.4333 	5.8625 	2.6553
1620.0 	4.4309 	5.8440 	2.6674
1621.0 	4.4566 	5.8941 	2.6655
1622.0 	4.4681 	5.9117 	2.6703
1623.0 	4.4767 	5.9282 	2.6690
1624.0 	4.5013 	5.9531 	2.6853
1625.0 	4.5156 	5.9799 	2.6889
1626.0 	4.5213 	5.9664 	2.7113
1627.0 	4.5345 	6.0010 	2.7006
1628.0 	4.5620 	6.0343 	2.7159
1629.0 	4.5791 	6.0530 	2.7223
1630.0 	4.6005 	6.0779 	2.7392
1631.0 	4.6053 	6.0871 	2.7400
1632.0 	4.6233 	6.1079 	2.7383
1633.0 	4.6186 	6.0914 	2.7522
1634.0 	4.6397 	6.1286 	2.7581
1635.0 	4.6341 	6.1114 	2.7609
1636.0 	4.6388 	6.1241 	2.7531
1637.0 	4.6429 	6.1150 	2.7689
1638.0 	4.6609 	6.1412 	2.7778
1639.0 	4.6804 	6.1697 	2.7744
1640.0 	4.6651 	6.1387 	2.7779
1641.0 	4.6830 	6.1615 	2.7793
1642.0 	4.6756 	6.1481 	2.7807
1643.0 	4.6950 	6.1709 	2.7957
1644.0 	4.6898 	6.1707 	2.7920
1645.0 	4.6882 	6.1708 	2.7960
1646.0 	4.6737 	6.1300 	2.7996
1647.0 	4.6745 	6.1241 	2.8103
1648.0 	4.6756 	6.1178 	2.8301
1649.0 	4.6633 	6.0903 	2.8319
1650.0 	4.6497 	6.0576 	2.8279
1651.0 	4.5851 	5.9536 	2.8058
1652.0 	4.6650 	6.0706 	2.8594
1653.0 	4.6676 	6.0817 	2.8557
1654.0 	4.6229 	5.9847 	2.8643
1655.0 	4.6331 	6.0183 	2.8415
1656.0 	4.6280 	5.9935 	2.8608
1657.0 	4.6564 	6.0468 	2.8554
1658.0 	4.6844 	6.0795 	2.8670
1659.0 	4.7050 	6.1292 	2.8615
1660.0 	4.7257 	6.1438 	2.8636
1661.0 	4.7749 	6.2191 	2.8863
1662.0 	4.7756 	6.2167 	2.8953
1663.0 	4.7968 	6.2468 	2.8934
1664.0 	4.8054 	6.2543 	2.8963
1665.0 	4.8325 	6.2970 	2.9040
1666.0 	4.8471 	6.3030 	2.9272
1667.0 	4.8618 	6.3133 	2.9462
1668.0 	4.8901 	6.3511 	2.9432
1669.0 	4.8782 	6.3327 	2.9471
1670.0 	4.8974 	6.3485 	2.9592
1671.0 	4.8875 	6.3301 	2.9533
1672.0 	4.8949 	6.3458 	2.9559
1673.0 	4.9018 	6.3534 	2.9547
1674.0 	4.9001 	6.3463 	2.9538
1675.0 	4.9019 	6.3445 	2.9685
1676.0 	4.9000 	6.3350 	2.9724
1677.0 	4.8991 	6.3391 	2.9612
1678.0 	4.8889 	6.3265 	2.9504
1679.0 	4.9016 	6.3364 	2.9593
1680.0 	4.9105 	6.3401 	2.9734
1681.0 	4.9107 	6.3378 	2.9714
1682.0 	4.9054 	6.3349 	2.9616
1683.0 	4.9277 	6.3580 	2.9849
1684.0 	4.9055 	6.3123 	2.9898
1685.0 	4.9136 	6.3248 	2.9920
1686.0 	4.9131 	6.3172 	2.9863
1687.0 	4.9212 	6.3188 	2.9911
1688.0 	4.8703 	6.2568 	2.9554
1689.0 	4.9592 	6.3314 	3.0416
1690.0 	4.9741 	6.4150 	3.0068
1691.0 	4.9531 	6.3703 	3.0104
1692.0 	4.9631 	6.3579 	3.0297
1693.0 	4.9729 	6.3640 	3.0403
1694.0 	4.9570 	6.3507 	3.0130
1695.0 	4.9728 	6.3556 	3.0363
1696.0 	4.9891 	6.3735 	3.0506
1697.0 	4.9860 	6.3760 	3.0347
1698.0 	4.9877 	6.3657 	3.0533
1699.0 	5.0019 	6.3768 	3.0667
1700.0 	4.9980 	6.3569 	3.0673
1701.0 	4.9874 	6.3464 	3.0593
1702.0 	4.9871 	6.3270 	3.0783
1703.0 	5.0120 	6.3646 	3.0829
1704.0 	5.0154 	6.3641 	3.0944
1705.0 	5.0317 	6.3948 	3.0931
1706.0 	5.0585 	6.4075 	3.1213
1707.0 	5.0591 	6.4347 	3.0999
1708.0 	5.0741 	6.4301 	3.1212
1709.0 	5.0710 	6.4237 	3.1258
1710.0 	5.0512 	6.4014 	3.1012
1711.0 	5.0628 	6.4248 	3.1043
1712.0 	5.0881 	6.4526 	3.1176
1713.0 	5.0864 	6.4424 	3.1197
1714.0 	5.0914 	6.4514 	3.1217
1715.0 	5.1063 	6.4658 	3.1372
1716.0 	5.0927 	6.4426 	3.1289
1717.0 	5.0984 	6.4490 	3.1364
1718.0 	5.1011 	6.4403 	3.1613
1719.0 	5.1178 	6.4430 	3.1724
1720.0 	5.1284 	6.4554 	3.1947
1721.0 	5.1264 	6.4573 	3.1870
1722.0 	5.1246 	6.4406 	3.2038
1723.0 	5.1222 	6.4323 	3.2101
1724.0 	5.1112 	6.4255 	3.1929
1725.0 	5.1353 	6.4538 	3.2193
1726.0 	5.0749 	6.3551 	3.2058
1727.0 	5.1026 	6.3703 	3.2142
1728.0 	5.1845 	6.5565 	3.2246
1729.0 	5.1235 	6.4244 	3.2382
1730.0 	5.0874 	6.3808 	3.2221
1731.0 	5.0827 	6.3598 	3.2324
1732.0 	5.0982 	6.3777 	3.2473
1733.0 	5.0930 	6.3696 	3.2465
1734.0 	5.1048 	6.3813 	3.2583
1735.0 	5.1171 	6.3901 	3.2669
1736.0 	5.1453 	6.4336 	3.2697
1737.0 	5.1378 	6.4064 	3.2906
1738.0 	5.1508 	6.4296 	3.2888
1739.0 	5.1442 	6.4132 	3.2964
1740.0 	5.1626 	6.4261 	3.3166
1741.0 	5.1789 	6.4528 	3.3146
1742.0 	5.1646 	6.4298 	3.3192
1743.0 	5.1995 	6.4757 	3.3255
1744.0 	5.1812 	6.4570 	3.3229
1745.0 	5.1996 	6.4901 	3.3138
1746.0 	5.2161 	6.5001 	3.3362
1747.0 	5.2341 	6.5299 	3.3434
1748.0 	5.2572 	6.5527 	3.3634
1749.0 	5.2783 	6.5858 	3.3606
1750.0 	5.3068 	6.6183 	3.3664
1751.0 	5.3072 	6.6210 	3.3698
1752.0 	5.3159 	6.6330 	3.3672
1753.0 	5.3484 	6.6955 	3.3613
1754.0 	5.3581 	6.7017 	3.3731
1755.0 	5.3844 	6.7400 	3.3878
1756.0 	5.3932 	6.7638 	3.3570
1757.0 	5.3889 	6.7754 	3.3429
1758.0 	5.4107 	6.8128 	3.3453
1759.0 	5.4232 	6.8236 	3.3606
1760.0 	5.4319 	6.8485 	3.3565
1761.0 	5.4333 	6.8269 	3.3729
1762.0 	5.4279 	6.8049 	3.3957
1763.0 	5.4377 	6.8190 	3.3840
1764.0 	5.4362 	6.7527 	3.4771
1765.0 	5.4505 	6.8050 	3.3530
1766.0 	5.5203 	6.9830 	3.3864
1767.0 	5.4684 	6.8199 	3.4423
1768.0 	5.5079 	6.8757 	3.4470
1769.0 	5.5322 	6.8913 	3.4763
1770.0 	5.5362 	6.8817 	3.4784
1771.0 	5.5865 	6.9547 	3.4996
1772.0 	5.5890 	6.9563 	3.5026
1773.0 	5.5832 	6.9429 	3.5037
1774.0 	5.5827 	6.9355 	3.5171
1775.0 	5.5964 	6.9542 	3.5343
1776.0 	5.5962 	6.9361 	3.5445
1777.0 	5.5797 	6.9094 	3.5567
1778.0 	5.5817 	6.9096 	3.5592
1779.0 	5.5803 	6.8729 	3.5928
1780.0 	5.5465 	6.8132 	3.5943
1781.0 	5.5479 	6.7918 	3.6179
1782.0 	5.5573 	6.7971 	3.6404
1783.0 	5.5695 	6.7938 	3.6651
1784.0 	5.5774 	6.7942 	3.6947
1785.0 	5.5914 	6.8019 	3.7104
1786.0 	5.5888 	6.7956 	3.7169
1787.0 	5.6217 	6.8276 	3.7313
1788.0 	5.6551 	6.8858 	3.7432
1789.0 	5.6481 	6.8772 	3.7215
1790.0 	5.6440 	6.8386 	3.7561
1791.0 	5.6499 	6.8599 	3.7515
1792.0 	5.6487 	6.8339 	3.7703
1793.0 	5.6446 	6.8074 	3.7967
1794.0 	5.6541 	6.8088 	3.8123
1795.0 	5.6606 	6.8095 	3.8142
1796.0 	5.6514 	6.7882 	3.8245
1797.0 	5.6469 	6.7578 	3.8381
1798.0 	5.6745 	6.7795 	3.8663
1799.0 	5.6714 	6.7620 	3.8934
1800.0 	5.6865 	6.7507 	3.9368
1801.0 	5.6950 	6.7584 	3.9642
1802.0 	5.6542 	6.6603 	3.9857
1803.0 	5.6468 	6.6699 	3.9051
1804.0 	5.7054 	6.7699 	3.9783
1805.0 	5.6832 	6.6834 	4.0296
1806.0 	5.6875 	6.6702 	4.0363
1807.0 	5.6840 	6.6347 	4.0867
1808.0 	5.6913 	6.6234 	4.1141
1809.0 	5.7332 	6.6735 	4.1367
1810.0 	5.6999 	6.6144 	4.1415
1811.0 	5.7359 	6.6416 	4.1783
1812.0 	5.7455 	6.6480 	4.1953
1813.0 	5.7484 	6.6226 	4.2470
1814.0 	5.8088 	6.6851 	4.2973
1815.0 	5.8029 	6.6562 	4.3393
1816.0 	5.8215 	6.6747 	4.3272
1817.0 	5.8446 	6.6720 	4.3980
1818.0 	5.8549 	6.6663 	4.4339
1819.0 	5.8655 	6.6762 	4.4387
1820.0 	5.8586 	6.6423 	4.4696
1821.0 	5.8905 	6.6772 	4.4864
1822.0 	5.9042 	6.6857 	4.5030
1823.0 	5.9328 	6.6929 	4.5615
1824.0 	5.9411 	6.7036 	4.5475
1825.0 	5.9530 	6.6881 	4.6030
1826.0 	5.9637 	6.7099 	4.5933
1827.0 	5.9704 	6.7286 	4.5733
1828.0 	6.0065 	6.7524 	4.6181
1829.0 	6.0162 	6.7776 	4.6064
1830.0 	6.0267 	6.7755 	4.6281
1831.0 	6.0194 	6.7775 	4.6060
1832.0 	6.0107 	6.7759 	4.5889
1833.0 	6.0380 	6.8021 	4.6004
1834.0 	6.0413 	6.8082 	4.5938
1835.0 	6.0249 	6.7873 	4.5699
1836.0 	6.0256 	6.7911 	4.5701
1837.0 	6.0289 	6.7962 	4.5560
1838.0 	6.0397 	6.7830 	4.6000
1839.0 	6.0427 	6.8072 	4.5668
1840.0 	6.0058 	6.7491 	4.5537
1841.0 	5.9915 	6.7200 	4.5717
1842.0 	6.0836 	6.8926 	4.5273
1843.0 	6.0895 	6.8643 	4.5713
1844.0 	6.0672 	6.8199 	4.5752
1845.0 	6.0537 	6.8108 	4.5284
1846.0 	6.0571 	6.8044 	4.5491
1847.0 	6.0820 	6.8227 	4.5795
1848.0 	6.0783 	6.8058 	4.5862
1849.0 	6.0971 	6.8358 	4.5915
1850.0 	6.0861 	6.8356 	4.5536
1851.0 	6.1113 	6.8713 	4.5218
1852.0 	6.1289 	6.8702 	4.5688
1853.0 	6.1453 	6.8835 	4.5790
1854.0 	6.1146 	6.8538 	4.5462
1855.0 	6.1227 	6.8557 	4.5971
1856.0 	6.1111 	6.8476 	4.5632
1857.0 	6.1105 	6.8337 	4.5781
1858.0 	6.1274 	6.8563 	4.5520
1859.0 	6.0950 	6.8064 	4.5729
1860.0 	6.1227 	6.8294 	4.5952
1861.0 	6.1471 	6.8139 	4.6637
1862.0 	6.1501 	6.8159 	4.6849
1863.0 	6.1775 	6.8375 	4.7157
1864.0 	6.2054 	6.8729 	4.6955
1865.0 	6.2160 	6.8714 	4.7202
1866.0 	6.2640 	6.9274 	4.7358
1867.0 	6.2530 	6.9177 	4.7011
1868.0 	6.2745 	6.9088 	4.7953
1869.0 	6.2888 	6.9425 	4.7703
1870.0 	6.2827 	6.9290 	4.7624
1871.0 	6.2727 	6.9494 	4.7031
1872.0 	6.2710 	6.9623 	4.6696
1873.0 	6.2914 	6.9830 	4.6934
1874.0 	6.3056 	6.9789 	4.7299
1875.0 	6.3287 	6.9954 	4.7539
1876.0 	6.3078 	7.0048 	4.6832
1877.0 	6.3153 	7.0305 	4.6279
1878.0 	6.2858 	6.9484 	4.6804
1879.0 	6.4286 	7.1227 	4.7561
1880.0 	6.4002 	7.1652 	4.5570
1881.0 	6.3549 	7.0492 	4.6539
1882.0 	6.3959 	7.1279 	4.5753
1883.0 	6.3700 	7.0912 	4.6011
1884.0 	6.4203 	7.1339 	4.6177
1885.0 	6.4067 	7.1325 	4.5733
1886.0 	6.4066 	7.1458 	4.5130
1887.0 	6.4153 	7.1673 	4.4907
1888.0 	6.4036 	7.1593 	4.4692
1889.0 	6.4929 	7.2087 	4.6023
1890.0 	6.4694 	7.2163 	4.5293
1891.0 	6.4817 	7.2248 	4.5527
1892.0 	6.4808 	7.2527 	4.4453
1893.0 	6.5992 	7.3121 	4.6874
1894.0 	6.5109 	7.2856 	4.3924
1895.0 	6.5412 	7.3201 	4.3720
1896.0 	6.5273 	7.3155 	4.2853
1897.0 	6.5222 	7.3374 	4.2046
1898.0 	6.5738 	7.3082 	4.4403
1899.0 	6.4996 	7.3864 	3.9249
1900.0 	6.5751 	7.3369 	4.3625
1901.0 	6.4862 	7.3642 	3.9373
1902.0 	6.5462 	7.3891 	4.1001
1903.0 	7.3917 	7.3917 	7.3917
1904.0 	7.4151 	7.4151 	7.4151
1905.0 	7.4121 	7.4121 	7.4121
1906.0 	7.4103 	7.4103 	7.4103
1907.0 	7.4063 	7.4063 	7.4063
1908.0 	7.4074 	7.4074 	7.4074
1909.0 	7.3976 	7.3976 	7.3976
1910.0 	7.4146 	7.4146 	7.4146
1911.0 	7.3344 	7.3344 	7.3344
1912.0 	7.3134 	7.3134 	7.3134
1913.0 	7.2898 	7.2898 	7.2898
1914.0 	7.2175 	7.2175 	7.2175
1915.0 	7.1991 	7.1991 	7.1991
1916.0 	7.1539 	7.1539 	7.1539
1917.0 	7.2206 	7.2206 	7.2206
1918.0 	7.2292 	7.2292 	7.2292
1919.0 	7.0559 	7.0559 	7.0559
1920.0 	7.0511 	7.0511 	7.0511
1921.0 	6.9780 	6.9780 	6.9780
1922.0 	6.9189 	6.9189 	6.9189
1923.0 	6.8505 	6.8505 	6.8505
1924.0 	6.8047 	6.8047 	6.8047
1925.0 	6.7013 	6.7013 	6.7013
1926.0 	6.6898 	6.6898 	6.6898
1927.0 	6.6270 	6.6270 	6.6270
1928.0 	6.5099 	6.5099 	6.5099
1929.0 	6.4342 	6.4342 	6.4342
1930.0 	6.3668 	6.3668 	6.3668
1931.0 	6.2749 	6.2749 	6.2749
1932.0 	6.2327 	6.2327 	6.2327
1933.0 	6.2143 	6.2143 	6.2143
1934.0 	6.0995 	6.0995 	6.0995
1935.0 	6.0138 	6.0138 	6.0138
1936.0 	5.9447 	5.9447 	5.9447
1937.0 	5.8917 	5.8917 	5.8917
1938.0 	5.8279 	5.8279 	5.8279
1939.0 	5.7987 	5.7987 	5.7987
1940.0 	5.7431 	5.7431 	5.7431
1941.0 	5.6698 	5.6698 	5.6698
1942.0 	5.7329 	5.7329 	5.7329
1943.0 	5.7029 	5.7029 	5.7029
1944.0 	5.6447 	5.6447 	5.6447
1945.0 	5.6060 	5.6060 	5.6060
1946.0 	5.5690 	5.5690 	5.5690
1947.0 	5.4840 	5.4840 	5.4840
1948.0 	5.5015 	5.5015 	5.5015
1949.0 	5.4787 	5.4787 	5.4787
1950.0 	5.4916 	5.4916 	5.4916
1951.0 	5.5050 	5.5050 	5.5050
1952.0 	5.4831 	5.4831 	5.4831
1953.0 	5.5041 	5.5041 	5.5041
1954.0 	5.4603 	5.4603 	5.4603
1955.0 	5.5844 	5.5844 	5.5844
1956.0 	5.5162 	5.5162 	5.5162
1957.0 	5.5516 	5.5516 	5.5516
1958.0 	5.5573 	5.5573 	5.5573
1959.0 	5.5076 	5.5076 	5.5076
1960.0 	5.5369 	5.5369 	5.5369
1961.0 	5.5442 	5.5442 	5.5442
1962.0 	5.5450 	5.5450 	5.5450
1963.0 	5.5588 	5.5588 	5.5588
1964.0 	5.4843 	5.4843 	5.4843
1965.0 	5.4343 	5.4343 	5.4343
1966.0 	5.4092 	5.4092 	5.4092
1967.0 	5.3420 	5.3420 	5.3420
1968.0 	5.2565 	5.2565 	5.2565
1969.0 	5.2195 	5.2195 	5.2195
1970.0 	5.1360 	5.1360 	5.1360
1971.0 	5.1463 	5.1463 	5.1463
1972.0 	5.0789 	5.0789 	5.0789
1973.0 	5.0959 	5.0959 	5.0959
1974.0 	5.0528 	5.0528 	5.0528
1975.0 	5.0288 	5.0288 	5.0288
1976.0 	4.9908 	4.9908 	4.9908
1977.0 	4.9991 	4.9991 	4.9991
1978.0 	4.9360 	4.9360 	4.9360
1979.0 	4.9158 	4.9158 	4.9158
1980.0 	4.8972 	4.8972 	4.8972
1981.0 	4.8739 	4.8739 	4.8739
1982.0 	4.8097 	4.8097 	4.8097
1983.0 	4.8010 	4.8010 	4.8010
1984.0 	4.8557 	4.8557 	4.8557
1985.0 	4.8430 	4.8430 	4.8430
1986.0 	4.8309 	4.8309 	4.8309
1987.0 	4.8350 	4.8350 	4.8350
1988.0 	4.8017 	4.8017 	4.8017
1989.0 	4.7583 	4.7583 	4.7583
1990.0 	4.7646 	4.7646 	4.7646
1991.0 	4.7396 	4.7396 	4.7396
1992.0 	4.7802 	4.7802 	4.7802
1993.0 	4.7711 	4.7711 	4.7711
1994.0 	4.5892 	4.5892 	4.5892
1995.0 	4.7296 	4.7296 	4.7296
1996.0 	4.7136 	4.7136 	4.7136
1997.0 	4.7174 	4.7174 	4.7174
1998.0 	4.6795 	4.6795 	4.6795
1999.0 	4.6720 	4.6720 	4.6720
2000.0 	4.6540 	4.6540 	4.6540
2001.0 	4.7021 	4.7021 	4.7021
2002.0 	4.6914 	4.6914 	4.6914
2003.0 	4.6872 	4.6872 	4.6872
2004.0 	4.7617 	4.7617 	4.7617
2005.0 	4.6907 	4.6907 	4.6907
2006.0 	4.7815 	4.7815 	4.7815
2007.0 	4.7525 	4.7525 	4.7525
2008.0 	4.6712 	4.6712 	4.6712
2009.0 	4.6833 	4.6833 	4.6833
2010.0 	4.6054 	4.6054 	4.6054
2011.0 	4.5227 	4.5227 	4.5227
2012.0 	4.5166 	4.5166 	4.5166
2013.0 	4.5578 	4.5578 	4.5578
2014.0 	4.5763 	4.5763 	4.5763
2015.0 	4.5317 	4.5317 	4.5317
2016.0 	4.5637 	4.5637 	4.5637
2017.0 	4.6366 	4.6366 	4.6366
2018.0 	4.6165 	4.6165 	4.6165
2019.0 	4.7081 	4.7081 	4.7081
2020.0 	4.6385 	4.6385 	4.6385
2021.0 	4.6447 	4.6447 	4.6447
2022.0 	4.5720 	4.5720 	4.5720
2023.0 	4.6223 	4.6223 	4.6223
2024.0 	4.6267 	4.6267 	4.6267
2025.0 	4.6171 	4.6171 	4.6171
2026.0 	4.6411 	4.6411 	4.6411
2027.0 	4.5680 	4.5680 	4.5680
2028.0 	4.6366 	4.6366 	4.6366
2029.0 	4.5986 	4.5986 	4.5986
2030.0 	4.7269 	4.7269 	4.7269
2031.0 	4.5476 	4.5476 	4.5476
2032.0 	4.4813 	4.4813 	4.4813
2033.0 	4.5289 	4.5289 	4.5289
2034.0 	4.4850 	4.4850 	4.4850
2035.0 	4.4815 	4.4815 	4.4815
2036.0 	4.4384 	4.4384 	4.4384
2037.0 	4.4520 	4.4520 	4.4520
2038.0 	4.4167 	4.4167 	4.4167
2039.0 	4.3908 	4.3908 	4.3908
2040.0 	4.2873 	4.2873 	4.2873
2041.0 	4.3033 	4.3033 	4.3033
2042.0 	4.3429 	4.3429 	4.3429
2043.0 	4.3569 	4.3569 	4.3569
2044.0 	4.3341 	4.3341 	4.3341
2045.0 	4.3451 	4.3451 	4.3451
2046.0 	4.3489 	4.3489 	4.3489
2047.0 	4.3641 	4.3641 	4.3641
2048.0 	4.3632 	4.3632 	4.3632
2049.0 	4.3159 	4.3159 	4.3159
2050.0 	4.2295 	4.2295 	4.2295
2051.0 	4.2251 	4.2251 	4.2251
2052.0 	4.2149 	4.2149 	4.2149
2053.0 	4.1803 	4.1803 	4.1803
2054.0 	4.1865 	4.1865 	4.1865
2055.0 	4.2002 	4.2002 	4.2002
2056.0 	4.1990 	4.1990 	4.1990
2057.0 	4.1760 	4.1760 	4.1760
2058.0 	4.0449 	4.0449 	4.0449
2059.0 	4.0584 	4.0584 	4.0584
2060.0 	3.9511 	3.9511 	3.9511
2061.0 	3.9090 	3.9090 	3.9090
2062.0 	3.9053 	3.9053 	3.9053
2063.0 	3.9104 	3.9104 	3.9104
2064.0 	3.8775 	3.8775 	3.8775
2065.0 	3.8625 	3.8625 	3.8625
2066.0 	3.8289 	3.8289 	3.8289
2067.0 	3.7293 	3.7293 	3.7293
2068.0 	3.8798 	3.8798 	3.8798
2069.0 	3.8148 	3.8148 	3.8148
2070.0 	3.5635 	3.5635 	3.5635
2071.0 	3.6524 	3.6524 	3.6524
2072.0 	3.6333 	3.6333 	3.6333
2073.0 	3.5840 	3.5840 	3.5840
2074.0 	3.5379 	3.5379 	3.5379
2075.0 	3.5129 	3.5129 	3.5129
2076.0 	3.5066 	3.5066 	3.5066
2077.0 	3.5288 	3.5288 	3.5288
2078.0 	3.2439 	3.2439 	3.2439
2079.0 	3.2481 	3.2481 	3.2481
2080.0 	3.2433 	3.2433 	3.2433
2081.0 	3.1968 	3.1968 	3.1968
2082.0 	3.2154 	3.2154 	3.2154
2083.0 	3.1715 	3.1715 	3.1715
2084.0 	3.1761 	3.1761 	3.1761
2085.0 	3.1490 	3.1490 	3.1490
2086.0 	3.1586 	3.1586 	3.1586
2087.0 	3.1782 	3.1782 	3.1782
2088.0 	2.9879 	2.9879 	2.9879
2089.0 	2.9652 	2.9652 	2.9652
2090.0 	3.0306 	3.0306 	3.0306
2091.0 	2.9992 	2.9992 	2.9992
2092.0 	3.0187 	3.0187 	3.0187
2093.0 	3.0516 	3.0516 	3.0516
2094.0 	2.9663 	2.9663 	2.9663
2095.0 	2.9352 	2.9352 	2.9352
2096.0 	3.0179 	3.0179 	3.0179
2097.0 	2.9164 	2.9164 	2.9164
2098.0 	2.8590 	2.8590 	2.8590
2099.0 	2.8450 	2.8450 	2.8450
2100.0 	2.6649 	2.6649 	2.6649
2101.0 	2.5420 	2.5420 	2.5420
2102.0 	2.6295 	2.6295 	2.6295
2103.0 	2.6759 	2.6759 	2.6759
2104.0 	2.6896 	2.6896 	2.6896
2105.0 	2.7177 	2.7177 	2.7177
2106.0 	2.6123 	2.6123 	2.6123
2107.0 	2.6646 	2.6646 	2.6646
2108.0 	2.6842 	2.6842 	2.6842
2109.0 	2.6799 	2.6799 	2.6799
2110.0 	2.6901 	2.6901 	2.6901
2111.0 	2.6912 	2.6912 	2.6912
2112.0 	2.6228 	2.6228 	2.6228
2113.0 	2.6160 	2.6160 	2.6160
2114.0 	2.5827 	2.5827 	2.5827
2115.0 	2.6001 	2.6001 	2.6001
2116.0 	2.6340 	2.6340 	2.6340
2117.0 	2.5790 	2.5790 	2.5790
2118.0 	2.5033 	2.5033 	2.5033
2119.0 	2.4994 	2.4994 	2.4994
2120.0 	2.4845 	2.4845 	2.4845
2121.0 	2.5135 	2.5135 	2.5135
2122.0 	2.5200 	2.5200 	2.5200
2123.0 	2.5574 	2.5574 	2.5574
2124.0 	2.5296 	2.5296 	2.5296
2125.0 	2.6042 	2.6042 	2.6042
2126.0 	2.5324 	2.5324 	2.5324
2127.0 	2.5594 	2.5594 	2.5594
2128.0 	2.6299 	2.6299 	2.6299
2129.0 	2.6184 	2.6184 	2.6184
2130.0 	2.6865 	2.6865 	2.6865
2131.0 	2.6703 	2.6703 	2.6703
2132.0 	2.7554 	2.7554 	2.7554
2133.0 	2.7665 	2.7665 	2.7665
2134.0 	2.8091 	2.8091 	2.8091
2135.0 	2.8680 	2.8680 	2.8680
2136.0 	2.6959 	2.6959 	2.6959
2137.0 	2.7870 	2.7870 	2.7870
2138.0 	2.8082 	2.8082 	2.8082
2139.0 	2.5126 	2.5126 	2.5126
2140.0 	2.5974 	2.5974 	2.5974
2141.0 	2.5459 	2.5459 	2.5459
2142.0 	2.6637 	2.6637 	2.6637
2143.0 	2.5402 	2.5402 	2.5402
2145.0 	1.9964 	1.9964 	1.9964
2146.0 	1.9856 	1.9856 	1.9856
2147.0 	2.0933 	2.0933 	2.0933
2148.0 	2.0084 	2.0084 	2.0084
2149.0 	2.0041 	2.0040 	2.0040
2150.0 	1.9634 	1.9634 	1.9634
2151.0 	2.1212 	2.1212 	2.1212
2152.0 	2.0784 	2.0784 	2.0784
2153.0 	2.0520 	2.0520 	2.0520
2154.0 	2.1510 	2.1510 	2.1510
2155.0 	2.0925 	2.0925 	2.0925
2156.0 	2.2102 	2.2102 	2.2102
2157.0 	2.2648 	2.2648 	2.2648
2158.0 	2.1725 	2.1725 	2.1725
2159.0 	2.3223 	2.3223 	2.3223
2160.0 	2.2363 	2.2363 	2.2363
2161.0 	2.4166 	2.4166 	2.4166
2162.0 	2.3337 	2.3337 	2.3337
