183.19	63.156	32.043
183.32	62.736	32.091
183.45	62.7	32.092
183.59	62.719	32.048
183.72	62.565	31.861
183.85	62.733	31.883
183.99	62.704	31.823
184.12	62.544	32.236
184.25	62.494	32.236
184.39	62.298	32.31
184.52	62.645	31.935
184.79	62.656	31.801
184.92	62.409	31.81
185.05	62.309	31.699
185.19	62.215	31.755
185.32	62.508	31.62
185.46	62.472	31.54
186.79	62.907	31.789
186.92	62.574	31.713
187.06	62.494	31.708
187.19	62.496	31.589
187.32	63.055	31.786
187.46	62.971	31.691
187.99	63.452	31.937
188.13	63.361	31.857
188.26	63.353	31.751
188.53	63.562	31.512
188.66	63.387	31.693
188.79	63.414	31.664
188.93	63.345	31.876
189.06	63.38	31.807
189.33	63.423	31.831
189.46	63.374	31.783
189.59	63.398	31.783
189.73	63.214	31.796
189.86	63.421	31.179
189.99	63.404	31.212
190.13	63.596	30.835
190.26	63.36	31.123
190.4	63.528	30.886
190.53	63.419	31.052
190.66	63.513	30.91
190.8	63.581	30.856
190.93	63.584	30.866
191.06	63.559	30.86
191.2	63.648	30.793
191.33	63.585	30.84
191.46	63.543	30.893
191.6	63.561	30.734
191.73	63.547	30.86
191.86	63.478	31.011
192	63.631	30.861
192.13	63.517	31.195
192.26	63.461	31.054
192.53	63.681	30.728
192.67	63.671	30.732
192.8	63.714	30.732
194.4	63.401	31.014
194.53	63.411	31.051
194.67	63.615	30.845
194.8	63.652	30.873
194.93	63.642	30.846
195.07	63.571	30.872
195.2	63.384	31.034
195.34	63.59	30.853
195.47	63.616	30.857
195.6	63.632	30.935
195.74	63.453	31.398
195.87	63.313	31.666
196	63.357	31.138
196.14	63.598	30.891
196.27	63.624	31.938
196.4	63.754	31.913
196.54	63.716	31.952
196.67	63.553	31.714
196.8	63.692	31.956
196.94	63.612	31.907
197.07	63.574	31.918
197.2	63.372	31.75
197.34	63.755	31.903
197.47	63.656	31.798
197.61	63.48	31.85
197.74	63.472	31.828
198.01	63.322	31.745
198.14	63.644	30.869
198.27	63.616	30.854
198.41	63.625	30.847
198.54	63.646	30.819
198.67	63.685	30.84
198.81	63.682	30.821
199.07	63.654	30.842
199.21	63.667	30.862
199.34	63.679	30.813
199.47	63.679	30.82
199.61	63.725	30.792
199.74	63.668	30.84
199.87	63.668	30.826
200.01	63.398	31.236
200.14	63.676	30.83
200.28	63.684	30.837
200.41	63.714	30.838
200.54	63.69	30.807
200.68	63.652	30.837
200.81	63.673	30.796
200.94	63.678	30.847
201.08	63.681	30.817
201.21	63.673	30.843
201.34	63.681	30.821
201.48	63.673	30.857
201.61	63.649	30.84
201.74	63.639	30.875
201.88	63.723	30.846
202.01	63.62	30.88
202.14	63.683	30.834
202.28	63.669	30.816
202.41	63.654	30.816
202.55	63.665	30.835
202.68	63.684	30.834
202.81	63.669	30.827
202.95	63.672	30.845
203.08	63.685	30.861
203.21	63.656	30.907
203.35	63.671	30.843
203.48	63.679	30.851
203.61	63.643	30.864
203.88	63.673	30.862
204.01	63.675	30.87
204.15	63.686	30.87
204.28	63.686	30.889
204.41	63.672	30.862
204.55	63.702	30.797
204.68	63.67	30.881
204.82	63.69	30.879
204.95	63.667	30.865
205.08	63.698	30.87
205.22	63.673	30.885
205.35	63.69	30.871
205.48	63.655	30.876
205.62	63.685	30.878
205.75	63.654	30.95
205.88	63.656	30.913
206.02	63.68	30.918
206.15	63.676	30.907
206.28	63.656	30.911
206.42	63.672	30.926
206.55	63.688	30.856
206.68	63.699	30.884
206.82	63.709	30.835
206.95	63.679	30.91
207.08	63.677	30.889
207.22	63.693	30.91
207.35	63.699	30.838
207.49	63.698	30.858
207.62	63.681	30.846
207.75	63.676	30.9
207.89	63.675	30.88
208.02	63.682	30.916
208.15	63.678	30.903
208.29	63.695	30.888
208.42	63.708	30.883
208.55	63.663	31.111
208.69	63.676	30.897
208.82	63.689	30.916
208.95	63.686	30.924
209.09	63.68	30.902
209.22	63.682	30.882
209.35	63.724	30.921
209.49	63.693	30.889
209.62	63.678	30.905
209.76	63.681	30.893
209.89	63.683	31.304
210.02	63.681	30.93
210.16	63.711	30.866
210.29	63.708	30.926
210.42	63.715	30.91
210.56	63.709	30.864
210.69	63.708	30.858
210.82	63.707	30.816
210.96	63.736	30.849
211.09	63.703	30.84
211.22	63.754	30.916
211.36	63.727	30.86
211.49	63.713	30.847
211.62	63.739	30.899
211.76	63.738	30.853
211.89	63.729	30.882
212.02	63.706	30.854
212.16	63.689	30.854
212.29	63.732	30.833
212.43	63.721	30.808
212.56	63.714	30.861
212.69	63.714	30.788
212.83	63.754	30.832
212.96	63.755	30.831
213.09	63.734	30.862
213.23	63.728	30.866
213.36	63.744	30.821
213.49	63.717	30.907
213.63	63.748	30.852
213.89	63.739	30.811
214.03	63.735	30.819
214.16	63.734	30.883
214.29	63.731	30.833
214.43	63.743	30.852
214.56	63.781	30.782
214.7	63.722	30.874
214.83	63.682	30.882
214.96	63.727	30.873
215.1	63.739	30.852
215.23	63.759	30.844
215.36	63.761	30.889
215.5	63.734	30.832
215.63	63.733	30.868
215.76	63.753	30.833
215.9	63.724	30.836
216.03	63.732	30.848
216.16	63.729	30.824
216.3	63.741	30.833
216.43	63.728	30.843
216.56	63.719	30.873
216.7	63.717	30.867
216.83	63.708	30.86
216.97	63.708	30.886
217.1	63.763	30.877
217.23	63.743	30.87
217.37	63.741	30.875
217.5	63.71	30.883
217.63	63.725	30.888
217.77	63.746	30.878
217.9	63.723	30.848
218.03	63.727	30.865
218.17	63.738	30.879
218.3	63.744	30.898
218.43	63.716	30.884
218.57	63.749	30.859
218.7	63.724	30.854
218.83	63.705	30.903
218.97	63.692	30.886
219.1	63.726	30.905
219.23	63.71	30.929
219.37	63.732	30.902
219.5	63.733	30.854
219.64	63.738	30.862
219.77	63.724	30.843
219.9	63.745	30.825
220.04	63.787	30.836
220.17	63.727	30.86
220.3	63.739	30.88
220.44	63.747	30.839
220.57	63.718	30.863
220.7	63.726	30.913
220.84	63.723	30.871
220.97	63.724	30.888
221.1	63.707	30.852
221.24	63.745	30.874
221.37	63.733	30.848
221.5	63.723	30.878
221.64	63.74	30.879
221.77	63.736	30.875
221.91	63.714	30.894
222.04	63.717	30.856
222.17	63.737	30.91
222.31	63.723	30.903
222.44	63.842	30.72
222.57	63.776	30.733
223.64	63.894	30.49
223.91	63.969	30.202
224.04	64.024	30.244
224.18	64.032	30.413
224.31	64.054	30.078
224.44	63.753	30.732
224.58	63.777	30.729
224.71	64.003	30.2
224.84	64.181	29.901
224.98	63.913	30.243
225.11	64.049	30.093
225.24	64.164	29.904
225.38	63.97	30.217
225.51	64.061	30.153
225.64	64.032	30.031
225.78	64.103	29.972
225.91	64.147	29.905
226.04	64.063	30.108
226.18	64.08	30.117
226.31	64.126	29.93
226.58	64.05	30.136
226.98	64.089	29.919
227.25	64.078	30.023
227.38	64.029	30.137
227.91	63.977	30.289
228.05	64.131	29.999
228.18	64.053	30.11
228.31	63.979	30.32
228.45	64.126	29.955
228.58	64.131	29.954
228.71	64.096	30.134
228.85	64.05	30.099
228.98	64.024	30.158
229.12	64.136	30.087
229.25	64.016	30.168
229.38	64.119	29.981
229.52	64.055	30.067
229.65	63.993	30.317
229.78	64.069	30.062
229.92	63.938	30.258
230.05	64.05	30.169
230.18	63.851	30.389
230.32	64.093	30.212
230.45	64.058	30.308
230.58	64.107	30.112
230.72	64.093	29.978
230.85	64.071	30.219
230.98	64.093	30.134
231.38	64.061	30.095
231.52	64.091	30.117
231.65	64.056	30.029
232.05	63.887	30.448
232.45	63.992	30.108
232.59	63.834	30.687
232.72	64.066	30.076
232.85	64.063	30.115
232.99	64.104	29.976
233.12	63.842	30.398
233.25	64.168	29.75
233.39	63.901	30.406
233.52	64.041	30.301
233.65	63.936	30.349
233.79	64.141	30.004
234.99	64.076	30.097
235.12	64.123	29.901
235.26	64.058	30.032
235.39	64.18	29.811
235.52	64.24	29.873
235.66	64.178	29.901
235.79	64.141	30.015
236.33	64.219	29.83
236.59	64.129	29.895
236.86	64.182	30.02
236.99	64.168	29.815
237.13	64.158	29.876
237.26	64.127	30.012
237.39	64.136	29.928
237.53	64.133	29.887
237.66	64.086	30.09
237.79	64.126	30.021
237.93	64.104	30.018
238.19	64.137	29.871
238.33	64.249	29.85
238.46	64.12	29.953
238.59	64.182	29.898
238.73	64.144	29.919
238.86	64.151	29.896
239	64.137	29.833
239.13	64.161	29.886
239.26	64.171	29.916
239.4	64.209	29.869
239.53	64.154	29.894
239.66	64.166	30.02
239.8	63.745	30.87
239.93	63.756	30.903
240.06	63.74	30.945
240.2	63.698	30.973
240.33	63.737	30.99
240.46	63.745	31.133
240.6	63.768	30.898
240.73	63.743	30.903
240.86	63.747	30.926
241	63.747	30.963
241.13	63.733	30.934
241.27	63.758	30.932
241.4	63.739	30.918
241.53	63.758	30.899
241.67	63.753	30.928
241.8	63.739	30.941
241.93	63.767	30.907
242.07	63.756	30.897
242.2	63.771	30.935
242.33	63.743	30.885
242.47	63.725	30.966
242.6	63.738	30.951
242.73	63.753	30.919
242.87	63.777	30.899
243	63.757	30.877
243.13	64.162	29.954
243.27	64.098	30.166
243.4	64.151	29.933
243.54	64.156	29.89
245.8	64.07	30.138
246.47	64.095	30.051
246.61	64.187	29.935
248.88	64.08	30.142
249.14	64.122	30.109
249.41	63.959	30.35
251.01	63.916	30.426
251.28	64.136	30.235
251.41	64.143	30.088
251.55	64.093	30.106
251.68	64.085	30.106
251.81	64.084	30.124
251.95	64.182	29.858
252.08	64.166	29.918
252.21	64.082	30.098
252.35	64.252	29.907
252.48	64.199	29.941
252.61	64.184	29.879
252.75	64.022	30.224
252.88	64.034	30.258
253.01	64.176	29.947
253.15	64.109	30.254
253.28	64.11	30.114
253.42	64.103	30.143
253.55	63.809	30.734
255.69	64.095	30.098
255.82	64.106	30.111
255.95	64.191	29.888
256.09	64.162	29.947
256.22	63.833	30.734
256.35	64.163	30.001
256.49	64.174	29.977
256.75	64.225	29.971
256.89	64.143	30.127
257.02	64.19	29.893
258.36	64.183	29.969
258.49	64.078	30.205
258.62	64.198	29.834
258.76	64.072	30.182
258.89	64.113	30.166
259.02	64.183	29.947
259.16	64.042	30.1
259.29	63.945	30.39
259.42	64.185	29.931
259.56	64.233	29.944
259.69	64.052	30.222
261.56	63.816	30.809
261.69	63.79	30.839
261.83	63.76	30.916
261.96	63.77	30.883
262.09	63.782	30.872
262.23	63.781	30.855
262.36	63.786	30.853
264.23	63.833	31.524
264.36	63.636	31.366
264.63	63.943	31.447
264.76	63.799	31.172
264.9	63.743	31.054
265.03	63.735	31.046
265.43	63.753	30.937
265.57	64.2	29.951
266.23	64.257	29.913
266.37	64.208	29.834
266.5	64.225	29.898
266.63	64.189	29.961
266.77	64.093	30.095
268.64	64.255	29.92
268.77	64.242	29.921
268.9	64.202	29.945
269.04	64.223	29.934
269.17	64.224	29.916
269.3	64.225	29.997
269.57	64.199	29.915
269.7	64.296	29.873
269.84	64.212	29.884
269.97	64.102	30.13
270.24	64.201	29.868
270.51	64.07	30.116
270.64	64.118	30.173
270.77	64.213	29.892
270.91	64.271	30.028
271.04	64.207	29.908
271.17	64.144	30.05
272.64	63.832	30.732
